day,hour,minute,second,question,worker,answer,gt
0,0,0,0,491,10,2,2
0,0,0,0,147,5,2,2
0,0,0,0,305,6,2,2
0,0,0,0,305,13,2,2
0,0,0,0,385,1,2,2
0,0,0,0,447,56,1,2
0,0,0,0,732,1,1,1
0,0,0,0,17,15,2,2
0,0,0,0,179,13,2,2
0,0,0,0,281,15,2,2
0,0,0,0,380,62,1,1
0,0,0,0,136,30,2,1
0,0,0,0,90,47,1,1
0,0,0,0,107,3,2,2
0,0,0,0,416,28,1,1
0,0,0,0,291,6,2,2
0,0,0,0,148,7,1,1
0,0,0,0,728,18,1,1
0,0,0,0,581,5,1,2
0,0,0,0,479,29,2,2
0,0,0,0,326,7,1,1
0,0,0,0,800,8,1,1
0,0,0,0,98,2,1,1
0,0,0,0,608,41,1,1
0,0,0,0,92,11,2,1
0,0,0,0,414,3,1,1
0,0,0,0,287,2,2,2
0,0,0,0,11,16,2,2
0,0,0,0,702,29,1,1
0,0,0,0,40,22,1,1
0,0,0,0,715,46,1,2
0,0,0,0,713,26,2,2
0,0,0,0,411,17,2,2
0,0,0,0,296,27,1,1
0,0,0,0,505,17,2,2
0,0,0,0,144,10,1,1
0,0,0,0,343,11,1,2
0,0,0,0,424,10,1,1
0,0,0,0,568,10,2,1
0,0,0,0,702,35,2,1
0,0,0,0,547,34,2,2
0,0,0,0,80,23,2,1
0,0,0,0,261,20,2,2
0,0,0,0,661,9,2,2
0,0,0,0,272,6,1,1
0,0,0,0,218,1,2,1
0,0,0,0,764,8,1,1
0,0,0,0,338,13,2,1
0,0,0,0,475,6,2,2
0,0,0,0,248,11,1,1
0,0,0,0,496,18,1,1
0,0,0,0,595,3,2,2
0,0,0,0,418,1,1,1
0,0,0,0,363,29,2,2
0,0,0,0,626,19,1,1
0,0,0,0,521,8,2,2
0,0,0,0,463,4,2,2
0,0,0,0,164,57,1,1
0,0,0,0,247,85,1,2
0,0,0,0,613,2,2,2
0,0,0,0,718,8,1,1
0,0,0,0,547,30,2,2
0,0,0,0,778,31,2,1
0,0,0,0,406,1,2,1
0,0,0,0,457,4,2,2
0,0,0,0,565,35,1,2
0,0,0,0,800,2,1,1
0,0,0,0,15,6,1,2
0,0,0,0,375,5,2,2
0,0,0,0,318,2,2,1
0,0,0,0,608,10,1,1
0,0,0,0,475,22,1,2
0,0,0,0,454,5,1,1
0,0,0,0,591,10,1,2
0,0,0,0,268,17,1,1
0,0,0,0,444,12,1,1
0,0,0,0,50,50,1,1
0,0,0,0,107,72,2,2
0,0,0,0,709,2,2,2
0,0,0,0,451,37,2,2
0,0,0,0,528,53,1,1
0,0,0,0,700,28,2,1
0,0,0,0,683,39,1,2
0,0,0,0,171,2,2,2
0,0,0,0,336,9,1,1
0,0,0,0,656,15,1,1
0,0,0,0,109,7,2,2
0,0,0,0,729,7,2,2
0,0,0,0,250,35,1,1
0,0,0,0,364,28,1,1
0,0,0,0,135,30,2,2
0,0,0,0,276,42,2,1
0,0,0,0,702,17,1,1
0,0,0,0,239,34,2,2
0,0,0,0,143,15,2,2
0,0,0,0,605,26,2,2
0,0,0,0,612,57,1,1
0,0,0,0,235,88,2,2
0,0,0,0,196,2,1,1
0,0,0,0,219,22,1,2
0,0,0,0,587,26,2,2
0,0,0,0,688,20,1,1
0,0,0,0,107,2,2,2
0,0,0,0,493,86,2,2
0,0,0,0,618,11,1,1
0,0,0,0,306,48,1,1
0,0,0,0,781,1,2,2
0,0,0,0,175,30,2,2
0,0,0,0,151,23,2,2
0,0,0,0,99,11,1,2
0,0,0,0,672,33,1,1
0,0,0,0,253,10,1,2
0,0,0,0,627,32,2,2
0,0,0,0,640,18,1,1
0,0,0,0,558,1,2,1
0,0,0,0,314,8,1,1
0,0,0,0,716,43,1,1
0,0,0,0,62,14,1,1
0,0,0,0,399,23,1,2
0,0,0,0,541,22,2,2
0,0,0,0,566,3,1,1
0,0,0,0,145,21,2,2
0,0,0,0,224,27,1,1
0,0,0,0,751,12,1,2
0,0,0,0,371,14,2,2
0,0,0,0,304,30,1,1
0,0,0,0,267,84,2,2
0,0,0,0,411,24,2,2
0,0,0,0,550,47,1,1
0,0,0,0,259,6,1,2
0,0,0,0,532,16,1,1
0,0,0,0,617,12,2,2
0,0,0,0,336,8,1,1
0,0,0,0,440,6,2,1
0,0,0,0,491,14,2,2
0,0,0,0,240,6,1,1
0,0,0,0,645,14,1,2
0,0,0,0,481,5,1,2
0,0,0,0,178,20,1,1
0,0,0,0,322,7,1,1
0,0,0,0,227,1,1,2
0,0,0,0,454,52,2,1
0,0,0,0,42,57,2,1
0,0,0,0,340,28,2,1
0,0,0,0,194,25,2,1
0,0,0,0,373,8,2,2
0,0,0,0,611,17,2,2
0,0,0,0,28,1,2,1
0,0,0,0,180,39,1,1
0,0,0,0,766,49,1,1
0,0,0,0,186,12,1,1
0,0,0,0,785,6,2,2
0,0,0,0,541,102,1,2
0,0,0,0,12,44,1,1
0,0,0,0,635,13,2,2
0,0,0,0,69,7,2,2
0,0,0,0,777,51,1,2
0,0,0,0,653,8,2,2
0,0,0,0,405,5,1,2
0,0,0,0,259,29,2,2
0,0,0,0,602,5,2,1
0,0,0,0,497,15,2,2
0,0,0,0,352,29,1,1
0,0,0,0,730,6,1,1
0,0,0,0,410,13,2,1
0,0,0,0,797,33,2,2
0,0,0,0,554,16,2,1
0,0,0,0,201,28,2,2
0,0,0,0,442,24,1,1
0,0,0,0,515,45,1,2
0,0,0,0,788,43,1,1
0,0,0,0,472,41,1,1
0,0,0,0,489,3,2,2
0,0,0,0,728,10,1,1
0,0,0,0,592,28,1,1
0,0,0,0,521,5,1,2
0,0,0,0,576,25,1,1
0,0,0,0,575,15,1,2
0,0,0,0,297,69,1,2
0,0,0,0,679,2,2,2
0,0,0,0,99,30,2,2
0,0,0,0,389,14,2,2
0,0,0,0,162,15,1,1
0,0,0,0,791,26,2,2
0,0,0,0,209,11,2,2
0,0,0,0,74,12,1,1
0,0,0,0,470,36,1,1
0,0,0,0,664,14,2,1
0,0,0,0,327,27,2,2
0,0,0,0,637,5,2,2
0,0,0,0,677,64,1,2
0,0,0,0,411,9,1,2
0,0,0,0,338,26,1,1
0,0,0,0,629,23,2,2
0,0,0,0,269,66,1,2
0,0,0,0,297,12,2,2
0,0,0,0,385,67,2,2
0,0,0,0,274,19,1,1
0,0,0,0,768,2,1,1
0,0,0,0,668,32,1,1
0,0,0,0,386,10,1,1
0,0,0,0,778,22,1,1
0,0,0,0,654,4,2,1
0,0,0,0,486,16,1,1
0,0,0,0,741,23,1,2
0,0,0,0,95,48,2,2
0,0,0,0,206,3,1,1
0,0,0,0,85,64,1,2
0,0,0,0,737,7,2,2
0,0,0,0,443,3,2,2
0,0,0,0,116,1,2,1
0,0,0,0,754,3,1,1
0,0,0,0,459,44,2,2
0,0,0,0,32,1,2,1
0,0,0,0,511,41,2,2
0,0,0,0,710,10,1,1
0,0,0,0,157,22,2,2
0,0,0,0,795,34,1,2
0,0,0,0,242,12,1,1
0,0,0,0,265,8,2,2
0,0,0,0,628,10,1,1
0,0,0,0,380,7,1,1
0,0,0,0,95,38,2,2
0,0,0,0,355,8,2,2
0,0,0,0,222,11,1,1
0,0,0,0,573,5,1,2
0,0,0,0,156,10,1,1
0,0,0,0,581,9,2,2
0,0,0,0,210,8,1,1
0,0,0,0,353,18,2,2
0,0,0,0,628,26,1,1
0,0,0,0,116,37,1,1
0,0,0,0,547,57,1,2
0,0,0,0,305,8,2,2
0,0,0,0,458,36,1,1
0,0,0,0,261,22,1,2
0,0,0,0,743,7,2,2
0,0,0,0,125,1,1,2
0,0,0,0,641,26,1,2
0,0,0,0,53,18,2,2
0,0,0,0,67,3,2,2
0,0,0,0,679,20,2,2
0,0,0,0,772,9,1,1
0,0,0,0,316,1,2,1
0,0,0,0,452,21,1,1
0,0,0,0,158,24,1,1
0,0,0,0,227,2,1,2
0,0,0,0,211,11,2,2
0,0,0,0,554,26,1,1
0,0,0,0,541,4,2,2
0,0,0,0,262,12,2,1
0,0,0,0,251,35,2,2
0,0,0,0,71,32,2,2
0,0,0,0,38,22,2,1
0,0,0,0,790,7,1,1
0,0,0,0,621,7,1,2
0,0,0,0,94,37,1,1
0,0,0,0,632,16,1,1
0,0,0,0,473,5,2,2
0,0,0,0,526,3,1,1
0,0,0,0,797,13,2,2
0,0,0,0,25,45,1,2
0,0,0,0,553,3,1,2
0,0,0,0,701,53,2,2
0,0,0,0,156,7,1,1
0,0,0,0,793,29,2,2
0,0,0,0,189,9,2,2
0,0,0,0,172,38,1,1
0,0,0,0,244,40,1,1
0,0,0,0,196,3,1,1
0,0,0,0,220,9,2,1
0,0,0,0,478,11,1,1
0,0,0,0,327,6,1,2
0,0,0,0,142,49,1,1
0,0,0,0,491,21,2,2
0,0,0,0,231,3,1,2
0,0,0,0,375,23,2,2
0,0,0,0,540,90,1,1
0,0,0,0,721,53,2,2
0,0,0,0,393,32,2,2
0,0,0,0,766,68,1,1
0,0,0,0,29,10,1,2
0,0,0,0,43,10,2,2
0,0,0,0,797,11,2,2
0,0,0,0,40,16,1,1
0,0,0,0,228,1,2,1
0,0,0,0,31,18,1,2
0,0,0,0,6,39,1,1
0,0,0,0,70,2,1,1
0,0,0,0,722,22,1,1
0,0,0,0,770,3,2,1
0,0,0,0,14,21,2,1
0,0,0,0,103,16,2,2
0,0,0,0,355,12,1,2
0,0,0,0,632,21,2,1
0,0,0,0,366,32,1,1
0,0,0,0,785,5,1,2
0,0,0,0,705,44,2,2
0,0,0,0,10,5,1,1
0,0,0,0,194,44,1,1
0,0,0,0,243,46,2,2
0,0,0,0,745,19,2,2
0,0,0,0,182,24,1,1
0,0,0,0,604,38,1,1
0,0,0,0,785,53,2,2
0,0,0,0,646,26,2,1
0,0,0,0,271,30,1,2
0,0,0,0,320,19,1,1
0,0,0,0,481,7,2,2
0,0,0,0,720,38,1,1
0,0,0,0,528,14,1,1
0,0,0,0,539,28,2,2
0,0,0,0,260,51,1,1
0,0,0,0,177,9,1,2
0,0,0,0,243,30,2,2
0,0,0,0,407,20,2,2
0,0,0,0,15,33,1,2
0,0,0,0,348,26,1,1
0,0,0,0,475,10,2,2
0,0,0,0,623,3,2,2
0,0,0,0,316,9,1,1
0,0,0,0,421,16,2,2
0,0,0,0,608,6,1,1
0,0,0,0,627,5,1,2
0,0,0,0,198,13,2,1
0,0,0,0,463,16,2,2
0,0,0,0,441,22,2,2
0,0,0,0,211,2,1,2
0,0,0,0,506,6,1,1
0,0,0,0,166,23,2,1
0,0,0,0,613,78,2,2
0,0,0,0,27,7,2,2
0,0,0,0,5,45,2,2
0,0,0,0,777,7,2,2
0,0,0,0,529,20,1,2
0,0,0,0,181,1,2,2
0,0,0,0,350,40,1,1
0,0,0,0,770,2,1,1
0,0,0,0,764,1,1,1
0,0,0,0,11,7,2,2
0,0,0,0,374,23,2,1
0,0,0,0,273,6,2,2
0,0,0,0,289,6,1,2
0,0,0,0,302,2,1,1
0,0,0,0,20,56,1,1
0,0,0,0,290,12,2,1
0,0,0,0,784,91,1,1
0,0,0,0,516,31,1,1
0,0,0,0,388,11,2,1
0,0,0,0,256,54,1,1
0,0,0,0,155,1,2,2
0,0,0,0,559,47,1,2
0,0,0,0,599,53,2,2
0,0,0,0,296,53,1,1
0,0,0,0,799,47,2,2
0,0,0,0,436,4,1,1
0,0,0,0,682,7,1,1
0,0,0,0,5,25,1,2
0,0,0,0,525,14,2,2
0,0,0,0,81,16,2,2
0,0,0,0,699,23,2,2
0,0,0,0,193,29,1,2
0,0,0,0,762,6,1,1
0,0,0,0,378,31,2,1
0,0,0,0,38,24,2,1
0,0,0,0,424,44,1,1
0,0,0,0,88,10,2,1
0,0,0,0,366,45,2,1
0,0,0,0,637,24,2,2
0,0,0,0,220,17,1,1
0,0,0,0,767,2,2,2
0,0,0,0,77,6,2,2
0,0,0,0,797,21,1,2
0,0,0,0,497,29,2,2
0,0,0,0,444,1,1,1
0,0,0,0,298,13,1,1
0,0,0,0,580,26,2,1
0,0,0,0,571,70,1,2
0,0,0,0,770,29,1,1
0,0,0,0,405,16,2,2
0,0,0,0,594,2,1,1
0,0,0,0,174,28,1,1
0,0,0,0,130,2,1,1
0,0,0,0,403,10,2,2
0,0,0,0,692,18,2,1
0,0,0,0,587,5,2,2
0,0,0,0,681,6,1,2
0,0,0,0,509,25,2,2
0,0,0,0,20,2,1,1
0,0,0,0,526,20,2,1
0,0,0,0,733,5,2,2
0,0,0,0,422,8,1,1
0,0,0,0,64,29,1,1
0,0,0,0,25,9,1,2
0,0,0,0,382,1,2,1
0,0,0,0,413,4,2,2
0,0,0,0,723,8,2,2
0,0,0,0,292,29,1,1
0,0,0,0,527,2,2,2
0,0,0,0,736,6,2,1
0,0,0,0,63,23,1,2
0,0,0,0,620,24,1,1
0,0,0,0,234,79,1,1
0,0,0,0,684,23,1,1
0,0,0,0,207,9,2,2
0,0,0,0,543,114,2,2
0,0,0,0,576,20,1,1
0,0,0,0,488,62,1,1
0,0,0,0,659,7,2,2
0,0,0,0,749,2,2,2
0,0,0,0,439,37,2,2
0,0,0,0,304,31,1,1
0,0,0,0,473,37,2,2
0,0,0,0,477,10,2,2
0,0,0,0,14,27,2,1
0,0,0,0,456,6,2,1
0,0,0,0,350,54,2,1
0,0,0,0,793,14,1,2
0,0,0,0,755,4,2,2
0,0,0,0,61,21,1,2
0,0,0,0,381,77,2,2
0,0,0,0,764,4,2,1
0,0,0,0,107,12,2,2
0,0,0,0,135,13,1,2
0,0,0,0,261,56,1,2
0,0,0,0,400,7,1,1
0,0,0,0,110,34,2,1
0,0,0,0,566,10,1,1
0,0,0,0,590,12,2,1
0,0,0,0,589,37,1,2
0,0,0,0,296,39,1,1
0,0,0,0,189,29,1,2
0,0,0,0,784,4,2,1
0,0,0,0,778,10,1,1
0,0,0,0,195,9,1,2
0,0,0,0,290,6,1,1
0,0,0,0,168,47,2,1
0,0,0,0,102,4,1,1
0,0,0,0,778,16,1,1
0,0,0,0,686,4,2,1
0,0,0,0,650,34,2,1
0,0,0,0,211,89,2,2
0,0,0,0,590,9,1,1
0,0,0,0,654,56,1,1
0,0,0,0,641,60,2,2
0,0,0,0,311,22,1,2
0,0,0,0,588,6,1,1
0,0,0,0,461,12,2,2
0,0,0,0,441,25,2,2
0,0,0,0,587,4,1,2
0,0,0,0,586,1,2,1
0,0,0,0,251,2,2,2
0,0,0,0,358,9,1,1
0,0,0,0,674,41,1,1
0,0,0,0,92,12,1,1
0,0,0,0,532,10,1,1
0,0,0,0,335,10,2,2
0,0,0,0,262,26,1,1
0,0,0,0,120,17,1,1
0,0,0,0,397,3,2,2
0,0,0,0,449,9,2,2
0,0,0,0,800,17,1,1
0,0,0,0,109,23,1,2
0,0,0,0,25,8,2,2
0,0,0,0,633,22,1,2
0,0,0,0,1,55,2,2
0,0,0,0,93,4,2,2
0,0,0,0,233,33,2,2
0,0,0,0,392,4,1,1
0,0,0,0,355,1,2,2
0,0,0,0,511,56,2,2
0,0,0,0,111,28,1,2
0,0,0,0,59,23,2,2
0,0,0,0,270,3,2,1
0,0,0,0,229,19,1,2
0,0,0,0,506,25,1,1
0,0,0,0,173,45,2,2
0,0,0,0,130,36,1,1
0,0,0,0,557,3,2,2
0,0,0,0,773,1,1,2
0,0,0,0,542,25,1,1
0,0,0,0,54,46,1,1
0,0,0,0,364,2,1,1
0,0,0,0,551,20,1,2
0,0,0,0,428,13,1,1
0,0,0,0,554,54,2,1
0,0,0,0,304,4,2,1
0,0,0,0,478,35,2,1
0,0,0,0,415,18,2,2
0,0,0,0,258,29,1,1
0,0,0,0,96,29,1,1
0,0,0,0,363,31,2,2
0,0,0,0,237,37,2,2
0,0,0,0,665,33,2,2
0,0,0,0,346,30,1,1
0,0,0,0,286,31,1,1
0,0,0,0,84,12,1,1
0,0,0,0,240,1,1,1
0,0,0,0,542,12,2,1
0,0,0,0,213,49,1,2
0,0,0,0,417,42,2,2
0,0,0,0,573,23,2,2
0,0,0,0,673,5,1,2
0,0,0,0,286,66,2,1
0,0,0,0,201,16,2,2
0,0,0,0,682,36,1,1
0,0,0,0,341,37,2,2
0,0,0,0,120,54,2,1
0,0,0,0,573,33,2,2
0,0,0,0,491,11,2,2
0,0,0,0,140,11,1,1
0,0,0,0,521,33,2,2
0,0,0,0,797,15,1,2
0,0,0,0,623,50,1,2
0,0,0,0,259,16,1,2
0,0,0,0,316,73,2,1
0,0,0,0,691,8,2,2
0,0,0,0,533,46,1,2
0,0,0,0,662,28,2,1
0,0,0,0,365,4,1,2
0,0,0,0,552,14,2,1
0,0,0,0,450,63,2,1
0,0,0,0,505,61,2,2
0,0,0,0,685,34,2,2
0,0,0,0,605,44,1,2
0,0,0,0,409,1,2,2
0,0,0,0,466,16,1,1
0,0,0,0,364,7,2,1
0,0,0,0,394,6,1,1
0,0,0,0,198,39,2,1
0,0,0,0,27,28,2,2
0,0,0,0,422,28,1,1
0,0,0,0,593,14,2,2
0,0,0,0,674,112,1,1
0,0,0,0,238,34,2,1
0,0,0,0,785,9,2,2
0,0,0,0,550,28,2,1
0,0,0,0,167,1,1,2
0,0,0,0,237,65,1,2
0,0,0,0,575,31,1,2
0,0,0,0,266,10,1,1
0,0,0,0,732,42,1,1
0,0,0,0,39,9,2,2
0,0,0,0,308,85,1,1
0,0,0,0,170,3,1,1
0,0,0,0,94,16,1,1
0,0,0,0,583,2,2,2
0,0,0,0,408,65,1,1
0,0,0,0,315,5,1,2
0,0,0,0,524,31,1,1
0,0,0,0,25,25,2,2
0,0,0,0,765,20,2,2
0,0,0,0,654,11,1,1
0,0,0,0,644,20,1,1
0,0,0,0,713,7,2,2
0,0,0,0,439,5,1,2
0,0,0,0,783,14,1,2
0,0,0,0,710,6,1,1
0,0,0,0,148,28,1,1
0,0,0,0,729,65,2,2
0,0,0,0,167,15,2,2
0,0,0,0,271,3,2,2
0,0,0,0,354,17,1,1
0,0,0,0,610,8,1,1
0,0,0,0,199,1,2,2
0,0,0,0,618,1,1,1
0,0,0,0,573,18,1,2
0,0,0,0,50,5,1,1
0,0,0,0,607,9,2,2
0,0,0,0,24,5,1,1
0,0,0,0,53,26,2,2
0,0,0,0,164,32,1,1
0,0,0,0,775,5,1,2
0,0,0,0,671,11,1,2
0,0,0,0,87,33,2,2
0,0,0,0,754,31,2,1
0,0,0,0,299,29,1,2
0,0,0,0,612,5,1,1
0,0,0,0,435,20,2,2
0,0,0,0,137,8,2,2
0,0,0,0,227,33,1,2
0,0,0,0,55,15,2,2
0,0,0,0,769,3,1,2
0,0,0,0,141,33,1,2
0,0,0,0,589,16,2,2
0,0,0,0,638,28,1,1
0,0,0,0,277,22,1,2
0,0,0,0,226,25,1,1
0,0,0,0,487,28,1,2
0,0,0,0,785,65,1,2
0,0,0,0,289,18,2,2
0,0,0,0,249,44,2,2
0,0,0,0,230,6,1,1
0,0,0,0,484,6,2,1
0,0,0,0,155,11,2,2
0,0,0,0,14,23,2,1
0,0,0,0,369,49,2,2
0,0,0,0,660,23,1,1
0,0,0,0,651,26,2,2
0,0,0,0,757,3,1,2
0,0,0,0,241,11,1,2
0,0,0,0,400,15,1,1
0,0,0,0,760,10,2,1
0,0,0,0,735,73,2,2
0,0,0,0,498,76,2,1
0,0,0,0,330,4,2,1
0,0,0,0,641,32,2,2
0,0,0,0,798,13,1,1
0,0,0,0,317,23,1,2
0,0,0,0,15,18,2,2
0,0,0,0,389,7,2,2
0,0,0,0,5,2,2,2
0,0,0,0,360,29,1,1
0,0,0,0,400,9,1,1
0,0,0,0,523,75,2,2
0,0,0,0,187,7,2,2
0,0,0,0,407,11,1,2
0,0,0,0,171,7,2,2
0,0,0,0,80,36,2,1
0,0,0,0,61,2,2,2
0,0,0,0,118,20,1,1
0,0,0,0,73,53,1,2
0,0,0,0,423,7,1,2
0,0,0,0,704,7,1,1
0,0,0,0,362,83,1,1
0,0,0,0,525,32,2,2
0,0,0,0,187,2,2,2
0,0,0,0,285,93,2,2
0,0,0,0,221,20,1,2
0,0,0,0,518,35,1,1
0,0,0,0,240,43,2,1
0,0,0,0,333,92,2,2
0,0,0,0,285,13,2,2
0,0,0,0,143,7,2,2
0,0,0,0,270,9,1,1
0,0,0,0,380,34,1,1
0,0,0,0,724,18,1,1
0,0,0,0,690,24,1,1
0,0,0,0,16,4,1,1
0,0,0,0,15,35,2,2
0,0,0,0,318,15,1,1
0,0,0,0,200,21,2,1
0,0,0,0,576,7,2,1
0,0,0,0,537,4,2,2
0,0,0,0,679,16,2,2
0,0,0,0,707,35,2,2
0,0,0,0,636,11,1,1
0,0,0,0,715,13,2,2
0,0,0,0,478,7,1,1
0,0,0,0,102,35,1,1
0,0,0,0,550,12,1,1
0,0,0,0,563,2,2,2
0,0,0,0,204,13,1,1
0,0,0,0,505,7,1,2
0,0,0,0,651,42,1,2
0,0,0,0,260,12,1,1
0,0,0,0,379,12,2,2
0,0,0,0,391,50,2,2
0,0,0,0,752,78,1,1
0,0,0,0,651,10,2,2
0,0,0,0,306,27,2,1
0,0,0,0,633,23,2,2
0,0,0,0,311,1,1,2
0,0,0,0,501,10,2,2
0,0,0,0,191,3,2,2
0,0,0,0,107,57,2,2
0,0,0,0,504,58,1,1
0,0,0,0,384,14,1,1
0,0,0,0,173,1,1,2
0,0,0,0,384,29,1,1
0,0,0,0,144,22,1,1
0,0,0,0,113,4,2,2
0,0,0,0,475,56,1,2
0,0,0,0,756,29,1,1
0,0,0,0,755,9,1,2
0,0,0,0,169,1,2,2
0,0,0,0,323,15,2,2
0,0,0,0,170,7,1,1
0,0,0,0,785,20,2,2
0,0,0,0,60,28,1,1
0,0,0,0,390,29,1,1
0,0,0,0,123,1,2,2
0,0,0,0,29,7,2,2
0,0,0,0,534,16,1,1
0,0,0,0,490,12,1,1
0,0,0,0,217,20,2,2
0,0,0,0,736,15,1,1
0,0,0,0,69,8,2,2
0,0,0,0,248,23,2,1
0,0,0,0,329,101,2,2
0,0,0,0,175,46,2,2
0,0,0,0,660,15,2,1
0,0,0,0,321,50,1,2
0,0,0,0,337,50,2,2
0,0,0,0,751,13,1,2
0,0,0,0,233,98,2,2
0,0,0,0,471,9,1,2
0,0,0,0,579,3,2,2
0,0,0,0,23,5,1,2
0,0,0,0,710,25,1,1
0,0,0,0,47,5,2,2
0,0,0,0,91,36,2,2
0,0,0,0,753,28,1,2
0,0,0,0,575,22,2,2
0,0,0,0,545,54,2,2
0,0,0,0,378,8,1,1
0,0,0,0,421,5,2,2
0,0,0,0,505,25,2,2
0,0,0,0,631,10,2,2
0,0,0,0,407,14,2,2
0,0,0,0,460,2,1,1
0,0,0,0,253,1,1,2
0,0,0,0,239,48,2,2
0,0,0,0,481,8,2,2
0,0,0,0,485,30,2,2
0,0,0,0,65,17,2,2
0,0,0,0,604,19,1,1
0,0,0,0,320,2,1,1
0,0,0,0,484,39,1,1
0,0,0,0,344,42,1,1
0,0,0,0,368,10,2,1
0,0,0,0,722,55,1,1
0,0,0,0,752,56,1,1
0,0,0,0,471,4,1,2
0,0,0,0,716,2,1,1
0,0,0,0,427,17,2,2
0,0,0,0,539,1,2,2
0,0,0,0,355,24,2,2
0,0,0,0,272,7,1,1
0,0,0,0,412,55,2,1
0,0,0,0,480,24,1,1
0,0,0,0,533,115,2,2
0,0,0,0,765,22,2,2
0,0,0,0,327,28,1,2
0,0,0,0,473,3,2,2
0,0,0,0,297,10,2,2
0,0,0,0,250,13,2,1
0,0,0,0,77,22,2,2
0,0,0,0,432,7,1,1
0,0,0,0,552,30,1,1
0,0,0,0,294,1,1,1
0,0,0,0,254,63,2,1
0,0,0,0,181,4,1,2
0,0,0,0,770,21,1,1
0,0,0,0,42,5,1,1
0,0,0,0,145,9,1,2
0,0,0,0,142,53,2,1
0,0,0,0,656,25,1,1
0,0,0,0,36,23,1,1
0,0,0,0,621,46,1,2
0,0,0,0,191,14,1,2
0,0,0,0,560,13,2,1
0,0,0,0,458,74,1,1
0,0,0,0,729,83,2,2
0,0,0,0,377,70,2,2
0,0,0,0,517,15,2,2
0,0,0,0,786,81,1,1
0,0,0,0,711,102,2,2
0,0,0,0,790,5,2,1
0,0,0,0,170,55,1,1
0,0,0,0,535,37,2,2
0,0,0,0,274,29,1,1
0,0,0,0,717,29,2,2
0,0,0,0,73,26,2,2
0,0,0,0,82,6,1,1
0,0,0,0,700,2,1,1
0,0,0,0,650,3,1,1
0,0,0,0,110,31,2,1
0,0,0,0,252,15,1,1
0,0,0,0,605,12,2,2
0,0,0,0,567,3,2,2
0,0,0,0,718,4,2,1
0,0,0,0,87,8,2,2
0,0,0,0,573,31,2,2
0,0,0,0,713,46,2,2
0,0,0,0,91,19,2,2
0,0,0,0,100,28,1,1
0,0,0,0,605,22,1,2
0,0,0,0,783,4,2,2
0,0,0,0,252,7,1,1
0,0,0,0,309,2,2,2
0,0,0,0,544,6,1,1
0,0,0,0,88,5,2,1
0,0,0,0,600,22,1,1
0,0,0,0,504,7,1,1
0,0,0,0,523,88,2,2
0,0,0,0,315,39,1,2
0,0,0,0,9,4,1,2
0,0,0,0,701,7,2,2
0,0,0,0,77,21,2,2
0,0,0,0,733,42,2,2
0,0,0,0,649,50,2,2
0,0,0,0,160,39,1,1
0,0,0,0,406,36,1,1
0,0,0,0,150,8,1,1
0,0,0,0,53,4,1,2
0,0,0,0,5,14,1,2
0,0,0,0,49,29,2,2
0,0,0,0,353,27,1,2
0,0,0,0,67,15,2,2
0,0,0,0,784,13,1,1
0,0,0,0,496,4,2,1
0,0,0,0,263,30,2,2
0,0,0,0,481,1,2,2
0,0,0,0,362,39,1,1
0,0,0,0,32,9,1,1
0,0,0,0,374,14,1,1
0,0,0,0,185,6,2,2
0,0,0,0,710,13,1,1
0,0,0,0,504,52,2,1
0,0,0,0,219,63,2,2
0,0,0,0,535,30,2,2
0,0,0,0,184,10,1,1
0,0,0,0,599,1,2,2
0,0,0,0,765,40,2,2
0,0,0,0,731,6,2,2
0,0,0,0,497,2,2,2
0,0,0,0,750,5,1,1
0,0,0,0,664,17,1,1
0,0,0,0,386,4,2,1
0,0,0,0,559,19,2,2
0,0,0,0,119,12,2,2
0,0,0,0,170,73,2,1
0,0,0,0,283,6,1,2
0,0,0,0,183,8,2,2
0,0,0,0,296,4,1,1
0,0,0,0,734,42,1,1
0,0,0,0,15,28,1,2
0,0,0,0,446,27,2,1
0,0,0,0,724,8,1,1
0,0,0,0,425,4,2,2
0,0,0,0,643,46,1,2
0,0,0,0,609,11,1,2
0,0,0,0,508,3,1,1
0,0,0,0,652,4,1,1
0,0,0,0,173,3,2,2
0,0,0,0,648,2,1,1
0,0,0,0,231,17,2,2
0,0,0,0,294,5,1,1
0,0,0,0,481,17,2,2
0,0,0,0,371,46,2,2
0,0,0,0,317,47,2,2
0,0,0,0,493,39,2,2
0,0,0,0,31,9,2,2
0,0,0,0,188,3,1,1
0,0,0,0,717,38,2,2
0,0,0,0,574,60,2,1
0,0,0,0,88,12,1,1
0,0,0,0,476,13,2,1
0,0,0,0,630,28,1,1
0,0,0,0,683,24,2,2
0,0,0,0,346,58,1,1
0,0,0,0,699,11,2,2
0,0,0,0,293,9,2,2
0,0,0,0,389,33,2,2
0,0,0,0,446,29,1,1
0,0,0,0,679,15,2,2
0,0,0,0,673,22,2,2
0,0,0,0,702,4,2,1
0,0,0,0,234,19,1,1
0,0,0,0,446,13,1,1
0,0,0,0,520,6,2,1
0,0,0,0,205,72,2,2
0,0,0,0,702,44,2,1
0,0,0,0,708,1,1,1
0,0,0,0,495,41,2,2
0,0,0,0,538,50,2,1
0,0,0,0,777,18,2,2
0,0,0,0,451,48,2,2
0,0,0,0,498,10,1,1
0,0,0,0,794,7,1,1
0,0,0,0,130,23,1,1
0,0,0,0,685,36,2,2
0,0,0,0,102,1,2,1
0,0,0,0,538,15,1,1
0,0,0,0,721,19,2,2
0,0,0,0,799,28,1,2
0,0,0,0,457,23,2,2
0,0,0,0,456,46,2,1
0,0,0,0,535,22,1,2
0,0,0,0,293,46,1,2
0,0,0,0,492,6,2,1
0,0,0,0,650,39,2,1
0,0,0,0,171,14,1,2
0,0,0,0,648,88,1,1
0,0,0,0,249,66,1,2
0,0,0,0,371,27,2,2
0,0,0,0,707,22,1,2
0,0,0,0,96,42,2,1
0,0,0,0,591,7,2,2
0,0,0,0,633,13,1,2
0,0,0,0,106,56,2,1
0,0,0,0,707,5,2,2
0,0,0,0,479,44,2,2
0,0,0,0,4,18,1,1
0,0,0,0,202,2,1,1
0,0,0,0,571,69,2,2
0,0,0,0,252,6,2,1
0,0,0,0,303,72,2,2
0,0,0,0,302,3,1,1
0,0,0,0,566,49,1,1
0,0,0,0,311,41,2,2
0,0,0,0,325,47,2,2
0,0,0,0,125,43,1,2
0,0,0,0,375,59,2,2
0,0,0,0,72,13,1,1
0,0,0,0,509,42,2,2
0,0,0,0,275,33,2,2
0,0,0,0,420,22,2,1
0,0,0,0,136,57,1,1
0,0,0,0,738,16,1,1
0,0,0,0,694,20,2,1
0,0,0,0,768,41,1,1
0,0,0,0,209,29,2,2
0,0,0,0,777,6,1,2
0,0,0,0,760,7,1,1
0,0,0,0,112,5,2,1
0,0,0,0,529,40,1,2
0,0,0,0,8,110,1,1
0,0,0,0,545,26,1,2
0,0,0,0,486,2,1,1
0,0,0,0,774,23,2,1
0,0,0,0,250,30,1,1
0,0,0,0,48,9,2,1
0,0,0,0,137,54,2,2
0,0,0,0,297,18,1,2
0,0,0,0,243,1,1,2
0,0,0,0,727,8,2,2
0,0,0,0,258,47,1,1
0,0,0,0,465,28,2,2
0,0,0,0,282,3,1,1
0,0,0,0,620,64,1,1
0,0,0,0,263,59,1,2
0,0,0,0,629,19,2,2
0,0,0,0,255,9,2,2
0,0,0,0,567,109,2,2
0,0,0,0,213,3,2,2
0,0,0,0,790,85,1,1
0,0,0,0,788,12,1,1
0,0,0,0,501,21,1,2
0,0,0,0,506,23,2,1
0,0,0,0,245,33,2,2
0,0,0,0,447,13,2,2
0,0,0,0,368,17,1,1
0,0,0,0,63,40,2,2
0,0,0,0,615,49,2,2
0,0,0,0,537,6,1,2
0,0,0,0,370,3,1,1
0,0,0,0,707,26,1,2
0,0,0,0,736,32,1,1
0,0,0,0,484,25,1,1
0,0,0,0,18,23,2,1
0,0,0,0,190,16,1,1
0,0,0,0,530,21,1,1
0,0,0,0,336,20,1,1
0,0,0,0,22,18,2,1
0,0,0,0,342,27,1,1
0,0,0,0,307,26,2,2
0,0,0,0,153,18,2,2
0,0,0,0,351,33,2,2
0,0,0,0,366,6,1,1
0,0,0,0,410,36,1,1
0,0,0,0,731,1,2,2
0,0,0,0,283,10,1,2
0,0,0,0,200,14,1,1
0,0,0,0,795,68,2,2
0,0,0,0,537,25,2,2
0,0,0,0,637,15,1,2
0,0,0,0,323,2,1,2
0,0,0,0,398,55,1,1
0,0,0,0,467,1,1,2
0,0,0,0,389,11,2,2
0,0,0,0,787,29,2,2
0,0,0,0,698,67,1,1
0,0,0,0,721,40,1,2
0,0,0,0,458,13,1,1
0,0,0,0,328,22,1,1
0,0,0,0,317,3,2,2
0,0,0,0,576,38,1,1
0,0,0,0,272,77,1,1
0,0,0,0,766,37,1,1
0,0,0,0,403,53,2,2
0,0,0,0,611,55,2,2
0,0,0,0,393,28,2,2
0,0,0,0,142,5,2,1
0,0,0,0,675,1,2,2
0,0,0,0,610,3,1,1
0,0,0,0,403,12,2,2
0,0,0,0,742,34,1,1
0,0,0,0,618,6,1,1
0,0,0,0,168,4,1,1
0,0,0,0,518,11,1,1
0,0,0,0,248,39,1,1
0,0,0,0,141,56,1,2
0,0,0,0,749,26,1,2
0,0,0,0,711,2,2,2
0,0,0,0,647,39,1,2
0,0,0,0,179,4,2,2
0,0,0,0,564,6,1,1
0,0,0,0,153,28,1,2
0,0,0,0,530,46,1,1
0,0,0,0,102,12,2,1
0,0,0,0,40,17,1,1
0,0,0,0,391,4,2,2
0,0,0,0,483,18,2,2
0,0,0,0,542,8,1,1
0,0,0,0,234,15,1,1
0,0,0,0,558,15,1,1
0,0,0,0,137,1,2,2
0,0,0,0,476,113,1,1
0,0,0,0,726,4,2,1
0,0,0,0,549,5,2,2
0,0,0,0,141,11,1,2
0,0,0,0,134,40,1,1
0,0,0,0,354,13,1,1
0,0,0,0,648,47,2,1
0,0,0,0,430,43,2,1
0,0,0,0,742,2,1,1
0,0,0,0,607,48,2,2
0,0,0,0,467,31,2,2
0,0,0,0,37,4,2,2
0,0,0,0,743,18,1,2
0,0,0,0,29,47,1,2
0,0,0,0,747,34,1,2
0,0,0,0,256,117,2,1
0,0,0,0,305,1,2,2
0,0,0,0,28,2,1,1
0,0,0,0,759,38,2,2
0,0,0,0,60,16,1,1
0,0,0,0,512,18,1,1
0,0,0,0,110,62,1,1
0,0,0,0,696,22,1,1
0,0,0,0,140,24,1,1
0,0,0,0,464,16,2,1
0,0,0,0,190,35,1,1
0,0,0,0,261,40,2,2
0,0,0,0,791,8,2,2
0,0,0,0,760,80,1,1
0,0,0,0,655,29,2,2
0,0,0,0,430,76,2,1
0,0,0,0,53,65,2,2
0,0,0,0,207,3,2,2
0,0,0,0,691,20,2,2
0,0,0,0,462,54,1,1
0,0,0,0,301,81,2,2
0,0,0,0,100,16,1,1
0,0,0,0,169,29,2,2
0,0,0,0,783,2,2,2
0,0,0,0,423,2,2,2
0,0,0,0,47,14,2,2
0,0,0,0,229,33,1,2
0,0,0,0,41,30,2,2
0,0,0,0,695,31,2,2
0,0,0,0,781,3,2,2
0,0,0,0,198,16,1,1
0,0,0,0,410,21,2,1
0,0,0,0,260,14,1,1
0,0,0,0,48,12,2,1
0,0,0,0,284,26,1,1
0,0,0,0,334,10,1,1
0,0,0,0,25,18,2,2
0,0,0,0,499,17,2,2
0,0,0,0,233,5,1,2
0,0,0,0,276,5,1,1
0,0,0,0,550,6,1,1
0,0,0,0,110,6,1,1
0,0,0,0,479,40,2,2
0,0,0,0,289,66,2,2
0,0,0,0,103,12,2,2
0,0,0,0,555,39,2,2
0,0,0,0,663,1,2,2
0,0,0,0,615,19,1,2
0,0,0,0,381,6,2,2
0,0,0,0,189,16,2,2
0,0,0,0,627,16,2,2
0,0,0,0,166,2,1,1
0,0,0,0,539,18,2,2
0,0,0,0,61,6,1,2
0,0,0,0,468,13,1,1
0,0,0,0,596,13,1,1
0,0,0,0,416,12,1,1
0,0,0,0,379,23,2,2
0,0,0,0,198,19,1,1
0,0,0,0,273,4,1,2
0,0,0,0,174,3,2,1
0,0,0,0,169,17,2,2
0,0,0,0,433,11,2,2
0,0,0,0,89,52,1,2
0,0,0,0,728,22,1,1
0,0,0,0,44,15,1,1
0,0,0,0,277,6,2,2
0,0,0,0,158,44,2,1
0,0,0,0,254,17,1,1
0,0,0,0,414,66,2,1
0,0,0,0,144,20,1,1
0,0,0,0,623,10,2,2
0,0,0,0,703,14,2,2
0,0,0,0,701,4,1,2
0,0,0,0,525,55,2,2
0,0,0,0,426,66,1,1
0,0,0,0,336,78,2,1
0,0,0,0,223,19,2,2
0,0,0,0,485,15,2,2
0,0,0,0,95,54,2,2
0,0,0,0,98,9,1,1
0,0,0,0,79,15,2,2
0,0,0,0,632,3,1,1
0,0,0,0,686,14,1,1
0,0,0,0,76,1,1,1
0,0,0,0,776,30,1,1
0,0,0,0,459,3,1,2
0,0,0,0,669,9,1,2
0,0,0,0,462,4,1,1
0,0,0,0,427,23,2,2
0,0,0,0,460,35,1,1
0,0,0,0,773,2,2,2
0,0,0,0,44,19,1,1
0,0,0,0,531,3,1,2
0,0,0,0,66,18,1,1
0,0,0,0,370,30,1,1
0,0,0,0,629,5,2,2
0,0,0,0,609,8,2,2
0,0,0,0,140,20,2,1
0,0,0,0,292,31,1,1
0,0,0,0,43,8,2,2
0,0,0,0,608,18,1,1
0,0,0,0,722,78,1,1
0,0,0,0,762,7,1,1
0,0,0,0,751,24,2,2
0,0,0,0,145,13,2,2
0,0,0,0,747,40,2,2
0,0,0,0,738,24,1,1
0,0,0,0,443,22,2,2
0,0,0,0,198,20,1,1
0,0,0,0,698,17,1,1
0,0,0,0,64,5,1,1
0,0,0,0,112,22,2,1
0,0,0,0,628,9,2,1
0,0,0,0,481,19,2,2
0,0,0,0,151,43,2,2
0,0,0,0,39,14,2,2
0,0,0,0,766,12,1,1
0,0,0,0,96,18,2,1
0,0,0,0,795,52,2,2
0,0,0,0,187,19,2,2
0,0,0,0,106,22,2,1
0,0,0,0,430,10,1,1
0,0,0,0,548,49,1,1
0,0,0,0,191,1,2,2
0,0,0,0,347,77,2,2
0,0,0,0,9,30,2,2
0,0,0,0,212,36,2,1
0,0,0,0,269,7,2,2
0,0,0,0,599,24,2,2
0,0,0,0,800,6,2,1
0,0,0,0,572,7,1,1
0,0,0,0,349,4,2,2
0,0,0,0,103,57,2,2
0,0,0,0,672,54,2,1
0,0,0,0,279,1,1,2
0,0,0,0,495,6,2,2
0,0,0,0,440,12,1,1
0,0,0,0,52,17,1,1
0,0,0,0,794,4,1,1
0,0,0,0,434,22,1,1
0,0,0,0,724,35,1,1
0,0,0,0,684,31,1,1
0,0,0,0,346,39,1,1
0,0,0,0,42,7,1,1
0,0,0,0,519,60,2,2
0,0,0,0,702,58,1,1
0,0,0,0,498,1,2,1
0,0,0,0,782,7,1,1
0,0,0,0,140,65,1,1
0,0,0,0,416,19,1,1
0,0,0,0,303,21,1,2
0,0,0,0,730,62,1,1
0,0,0,0,471,5,2,2
0,0,0,0,447,70,1,2
0,0,0,0,494,4,2,1
0,0,0,0,364,24,1,1
0,0,0,0,586,23,2,1
0,0,0,0,444,36,1,1
0,0,0,0,45,5,2,2
0,0,0,0,373,3,2,2
0,0,0,0,765,12,2,2
0,0,0,0,86,18,2,1
0,0,0,0,480,4,1,1
0,0,0,0,761,35,2,2
0,0,0,0,155,15,2,2
0,0,0,0,55,14,1,2
0,0,0,0,636,14,1,1
0,0,0,0,341,2,2,2
0,0,0,0,417,63,2,2
0,0,0,0,796,8,1,1
0,0,0,0,190,11,2,1
0,0,0,0,789,7,2,2
0,0,0,0,620,1,1,1
0,0,0,0,655,38,2,2
0,0,0,0,280,14,1,1
0,0,0,0,761,7,2,2
0,0,0,0,81,15,2,2
0,0,0,0,253,11,2,2
0,0,0,0,174,18,1,1
0,0,0,0,321,3,1,2
0,0,0,0,180,15,1,1
0,0,0,0,101,25,2,2
0,0,0,0,688,14,1,1
0,0,0,0,688,13,2,1
0,0,0,0,253,41,2,2
0,0,0,0,434,11,1,1
0,0,0,0,48,1,2,1
0,0,0,0,409,2,2,2
0,0,0,0,51,21,2,2
0,0,0,0,49,3,2,2
0,0,0,0,546,5,2,1
0,0,0,0,299,3,1,2
0,0,0,0,202,25,2,1
0,0,0,0,257,34,1,2
0,0,0,0,100,68,1,1
0,0,0,0,758,15,1,1
0,0,0,0,670,6,2,1
0,0,0,0,640,53,1,1
0,0,0,0,328,1,1,1
0,0,0,0,556,21,2,1
0,0,0,0,793,6,2,2
0,0,0,0,166,30,1,1
0,0,0,0,19,11,2,2
0,0,0,0,616,21,2,1
0,0,0,0,555,5,1,2
0,0,0,0,528,57,1,1
0,0,0,0,229,7,2,2
0,0,0,0,786,7,2,1
0,0,0,0,775,15,2,2
0,0,0,0,624,6,1,1
0,0,0,0,94,14,2,1
0,0,0,0,538,19,1,1
0,0,0,0,358,109,2,1
0,0,0,0,769,78,2,2
0,0,0,0,83,111,2,2
0,0,0,0,365,16,2,2
0,0,0,0,636,44,2,1
0,0,0,0,389,41,2,2
0,0,0,0,8,3,1,1
0,0,0,0,676,10,1,1
0,0,0,0,95,13,2,2
0,0,0,0,621,24,1,2
0,0,0,0,680,15,1,1
0,0,0,0,124,6,1,1
0,0,0,0,23,8,2,2
0,0,0,0,100,47,1,1
0,0,0,0,213,17,2,2
0,0,0,0,347,5,1,2
0,0,0,0,507,25,2,2
0,0,0,0,277,39,1,2
0,0,0,0,255,1,1,2
0,0,0,0,243,24,2,2
0,0,0,0,284,43,2,1
0,0,0,0,799,25,2,2
0,0,0,0,223,6,1,2
0,0,0,0,41,12,2,2
0,0,0,0,402,33,1,1
0,0,0,0,32,11,2,1
0,0,0,0,658,27,1,1
0,0,0,0,795,32,1,2
0,0,0,0,690,28,2,1
0,0,0,0,53,7,2,2
0,0,0,0,158,25,1,1
0,0,0,0,271,12,2,2
0,0,0,0,90,6,2,1
0,0,0,0,479,19,2,2
0,0,0,0,587,28,2,2
0,0,0,0,205,53,2,2
0,0,0,0,706,31,1,1
0,0,0,0,391,12,1,2
0,0,0,0,534,45,1,1
0,0,0,0,652,76,2,1
0,0,0,0,468,2,1,1
0,0,0,0,708,14,1,1
0,0,0,0,618,14,1,1
0,0,0,0,698,5,1,1
0,0,0,0,696,1,1,1
0,0,0,0,84,20,2,1
0,0,0,0,142,11,1,1
0,0,0,0,335,16,2,2
0,0,0,0,80,66,1,1
0,0,0,0,206,5,2,1
0,0,0,0,427,94,2,2
0,0,0,0,642,27,1,1
0,0,0,0,320,46,1,1
0,0,0,0,428,44,1,1
0,0,0,0,790,11,1,1
0,0,0,0,24,23,1,1
0,0,0,0,18,57,1,1
0,0,0,0,359,10,2,2
0,0,0,0,194,10,1,1
0,0,0,0,126,6,2,1
0,0,0,0,356,45,2,1
0,0,0,0,679,13,2,2
0,0,0,0,694,7,1,1
0,0,0,0,300,42,1,1
0,0,0,0,123,42,2,2
0,0,0,0,345,16,2,2
0,0,0,0,175,53,2,2
0,0,0,0,428,34,2,1
0,0,0,0,772,19,1,1
0,0,0,0,177,83,2,2
0,0,0,0,487,19,2,2
0,0,0,0,197,1,1,2
0,0,0,0,129,1,1,2
0,0,0,0,214,34,1,1
0,0,0,0,465,2,2,2
0,0,0,0,606,3,1,1
0,0,0,0,486,36,1,1
0,0,0,0,174,51,1,1
0,0,0,0,283,40,1,2
0,0,0,0,169,12,2,2
0,0,0,0,581,1,2,2
0,0,0,0,706,3,2,1
0,0,0,0,459,31,2,2
0,0,0,0,111,11,2,2
0,0,0,0,281,18,2,2
0,0,0,0,402,16,1,1
0,0,0,0,593,51,2,2
0,0,0,0,301,10,1,2
0,0,0,0,320,6,1,1
0,0,0,0,46,3,1,1
0,0,0,0,79,14,2,2
0,0,0,0,492,53,1,1
0,0,0,0,94,24,1,1
0,0,0,0,626,15,1,1
0,0,0,0,254,3,1,1
0,0,0,0,566,81,1,1
0,0,0,0,788,13,1,1
0,0,0,0,131,53,2,2
0,0,0,0,789,76,1,2
0,0,0,0,436,46,2,1
0,0,0,0,352,2,1,1
0,0,0,0,531,12,1,2
0,0,0,0,223,20,2,2
0,0,0,0,163,73,1,2
0,0,0,0,324,112,1,1
0,0,0,0,566,38,1,1
0,0,0,0,438,42,1,1
0,0,0,0,93,17,2,2
0,0,0,0,83,12,2,2
0,0,0,0,799,8,2,2
0,0,0,0,751,71,2,2
0,0,0,0,771,43,2,2
0,0,0,0,444,46,2,1
0,0,0,0,20,6,1,1
0,0,0,0,113,14,2,2
0,0,0,0,282,27,1,1
0,0,0,0,298,3,1,1
0,0,0,0,765,36,2,2
0,0,0,0,120,16,1,1
0,0,0,0,80,51,1,1
0,0,0,0,302,12,1,1
0,0,0,0,453,6,2,2
0,0,0,0,616,22,1,1
0,0,0,0,379,113,1,2
0,0,0,0,231,70,2,2
0,0,0,0,340,14,2,1
0,0,0,0,49,5,1,2
0,0,0,0,791,60,2,2
0,0,0,0,222,1,1,1
0,0,0,0,85,28,2,2
0,0,0,0,571,6,2,2
0,0,0,0,667,6,2,2
0,0,0,0,193,58,2,2
0,0,0,0,152,15,1,1
0,0,0,0,671,25,2,2
0,0,0,0,554,4,2,1
0,0,0,0,739,47,1,2
0,0,0,0,98,16,1,1
0,0,0,0,548,19,1,1
0,0,0,0,349,7,2,2
0,0,0,0,61,3,2,2
0,0,0,0,441,9,1,2
0,0,0,0,777,43,1,2
0,0,0,0,201,4,2,2
0,0,0,0,601,11,2,2
0,0,0,0,649,14,1,2
0,0,0,0,547,18,2,2
0,0,0,0,240,33,1,1
0,0,0,0,248,16,1,1
0,0,0,0,203,34,2,2
0,0,0,0,783,19,2,2
0,0,0,0,202,44,1,1
0,0,0,0,73,50,1,2
0,0,0,0,64,23,1,1
0,0,0,0,668,33,1,1
0,0,0,0,303,12,2,2
0,0,0,0,314,1,1,1
0,0,0,0,511,65,1,2
0,0,0,0,647,6,2,2
0,0,0,0,773,4,1,2
0,0,0,0,244,46,2,1
0,0,0,0,595,31,2,2
0,0,0,0,640,43,2,1
0,0,0,0,288,10,1,1
0,0,0,0,572,51,1,1
0,0,0,0,2,56,1,1
0,0,0,0,241,17,1,2
0,0,0,0,527,106,1,2
0,0,0,0,691,60,2,2
0,0,0,0,330,5,2,1
0,0,0,0,408,26,1,1
0,0,0,0,727,14,1,2
0,0,0,0,561,24,1,2
0,0,0,0,214,21,2,1
0,0,0,0,728,14,2,1
0,0,0,0,459,61,2,2
0,0,0,0,210,6,2,1
0,0,0,0,22,6,1,1
0,0,0,0,263,9,2,2
0,0,0,0,767,41,2,2
0,0,0,0,797,1,1,2
0,0,0,0,372,14,2,1
0,0,0,0,183,7,2,2
0,0,0,0,263,14,2,2
0,0,0,0,798,74,1,1
0,0,0,0,61,104,2,2
0,0,0,0,122,48,1,1
0,0,0,0,666,16,1,1
0,0,0,0,27,5,2,2
0,0,0,0,322,10,1,1
0,0,0,0,694,10,1,1
0,0,0,0,385,10,1,2
0,0,0,0,457,22,1,2
0,0,0,0,453,26,2,2
0,0,0,0,281,35,2,2
0,0,0,0,389,43,2,2
0,0,0,0,173,26,2,2
0,0,0,0,398,9,1,1
0,0,0,0,1,9,1,2
0,0,0,0,603,4,1,2
0,0,0,0,43,13,1,2
0,0,0,0,533,11,1,2
0,0,0,0,794,14,1,1
0,0,0,0,454,20,1,1
0,0,0,0,474,11,1,1
0,0,0,0,541,2,2,2
0,0,0,0,130,9,2,1
0,0,0,0,632,4,2,1
0,0,0,0,716,73,1,1
0,0,0,0,337,15,2,2
0,0,0,0,742,8,1,1
0,0,0,0,154,5,1,1
0,0,0,0,593,19,1,2
0,0,0,0,772,17,1,1
0,0,0,0,71,13,2,2
0,0,0,0,18,24,1,1
0,0,0,0,262,36,2,1
0,0,0,0,619,34,2,2
0,0,0,0,592,18,1,1
0,0,0,0,205,55,2,2
0,0,0,0,167,3,1,2
0,0,0,0,594,1,1,1
0,0,0,0,416,16,1,1
0,0,0,0,341,7,2,2
0,0,0,0,436,8,1,1
0,0,0,0,63,50,1,2
0,0,0,0,425,89,2,2
0,0,0,0,284,12,1,1
0,0,0,0,331,2,2,2
0,0,0,0,268,6,2,1
0,0,0,0,626,6,1,1
0,0,0,0,388,10,1,1
0,0,0,0,67,54,2,2
0,0,0,0,446,12,1,1
0,0,0,0,83,4,2,2
0,0,0,0,132,22,2,1
0,0,0,0,587,3,2,2
0,0,0,0,362,4,2,1
0,0,0,0,125,5,2,2
0,0,0,0,744,13,1,1
0,0,0,0,557,2,1,2
0,0,0,0,280,21,1,1
0,0,0,0,97,116,2,2
0,0,0,0,670,26,1,1
0,0,0,0,318,8,1,1
0,0,0,0,350,66,1,1
0,0,0,0,350,12,1,1
0,0,0,0,647,3,2,2
0,0,0,0,466,3,1,1
0,0,0,0,20,24,1,1
0,0,0,0,126,27,1,1
0,0,0,0,119,10,2,2
0,0,0,0,595,4,2,2
0,0,0,0,502,21,2,1
0,0,0,0,400,1,2,1
0,0,0,0,440,11,1,1
0,0,0,0,470,15,1,1
0,0,0,0,289,67,2,2
0,0,0,0,59,1,2,2
0,0,0,0,138,15,1,1
0,0,0,0,756,47,1,1
0,0,0,0,143,47,2,2
0,0,0,0,190,23,2,1
0,0,0,0,204,28,1,1
0,0,0,0,392,26,2,1
0,0,0,0,436,13,1,1
0,0,0,0,464,26,1,1
0,0,0,0,282,5,1,1
0,0,0,0,155,3,2,2
0,0,0,0,69,5,2,2
0,0,0,0,65,34,2,2
0,0,0,0,15,24,1,2
0,0,0,0,121,3,2,2
0,0,0,0,27,20,1,2
0,0,0,0,754,12,1,1
0,0,0,0,184,25,1,1
0,0,0,0,747,85,2,2
0,0,0,0,96,66,2,1
0,0,0,0,216,13,1,1
0,0,0,0,625,90,2,2
0,0,0,0,363,3,2,2
0,0,0,0,648,65,1,1
0,0,0,0,683,12,2,2
0,0,0,0,203,32,2,2
0,0,0,0,201,3,1,2
0,0,0,0,353,24,2,2
0,0,0,0,631,4,1,2
0,0,0,0,64,14,1,1
0,0,0,0,423,9,2,2
0,0,0,0,191,43,1,2
0,0,0,0,729,23,1,2
0,0,0,0,31,23,2,2
0,0,0,0,779,1,1,2
0,0,0,0,709,3,2,2
0,0,0,0,657,21,1,2
0,0,0,0,553,85,2,2
0,0,0,0,21,35,1,2
0,0,0,0,555,23,1,2
0,0,0,0,6,87,1,1
0,0,0,0,331,8,2,2
0,0,0,0,323,9,1,2
0,0,0,0,551,30,1,2
0,0,0,0,665,20,2,2
0,0,0,0,150,25,1,1
0,0,0,0,198,7,1,1
0,0,0,0,55,1,1,2
0,0,0,0,693,8,1,2
0,0,0,0,85,97,2,2
0,0,0,0,332,13,2,1
0,0,0,0,624,10,1,1
0,0,0,0,47,40,1,2
0,0,0,0,622,60,1,1
0,0,0,0,508,2,1,1
0,0,0,0,30,75,1,1
0,0,0,0,423,31,2,2
0,0,0,0,165,4,1,2
0,0,0,0,311,26,2,2
0,0,0,0,453,10,2,2
0,0,0,0,35,2,2,2
0,0,0,0,179,53,2,2
0,0,0,0,31,16,2,2
0,0,0,0,735,31,2,2
0,0,0,0,224,21,2,1
0,0,0,0,585,10,2,2
0,0,0,0,373,7,2,2
0,0,0,0,122,19,1,1
0,0,0,0,763,1,1,2
0,0,0,0,175,32,2,2
0,0,0,0,279,83,2,2
0,0,0,0,21,45,2,2
0,0,0,0,779,47,2,2
0,0,0,0,342,28,2,1
0,0,0,0,405,7,2,2
0,0,0,0,46,18,1,1
0,0,0,0,597,52,1,2
0,0,0,0,62,11,2,1
0,0,0,0,108,23,1,1
0,0,0,0,578,1,1,1
0,0,0,0,239,33,2,2
0,0,0,0,691,13,2,2
0,0,0,0,390,18,1,1
0,0,0,0,205,46,2,2
0,0,0,0,617,3,2,2
0,0,0,0,342,13,2,1
0,0,0,0,473,16,2,2
0,0,0,0,158,1,2,1
0,0,0,0,387,1,2,2
0,0,0,0,240,19,1,1
0,0,0,0,796,46,1,1
0,0,0,0,466,24,1,1
0,0,0,0,611,18,1,2
0,0,0,0,675,3,1,2
0,0,0,0,145,3,2,2
0,0,0,0,165,3,2,2
0,0,0,0,305,33,2,2
0,0,0,0,107,31,1,2
0,0,0,0,477,30,2,2
0,0,0,0,15,36,1,2
0,0,0,0,489,17,2,2
0,0,0,0,403,4,1,2
0,0,0,0,130,1,2,1
0,0,0,0,381,49,2,2
0,0,0,0,642,39,1,1
0,0,0,0,500,4,1,1
0,0,0,0,775,7,2,2
0,0,0,0,322,58,2,1
0,0,0,0,3,2,2,2
0,0,0,0,24,19,1,1
0,0,0,0,122,58,2,1
0,0,0,0,595,1,2,2
0,0,0,0,229,6,2,2
0,0,0,0,663,16,2,2
0,0,0,0,152,1,1,1
0,0,0,0,472,71,1,1
0,0,0,0,470,12,1,1
0,0,0,0,164,3,1,1
0,0,0,0,690,1,1,1
0,0,0,0,466,10,1,1
0,0,0,0,203,40,1,2
0,0,0,0,171,9,2,2
0,0,0,0,11,90,1,2
0,0,0,0,725,8,2,2
0,0,0,0,362,26,1,1
0,0,0,0,738,18,1,1
0,0,0,0,542,13,2,1
0,0,0,0,448,31,1,1
0,0,0,0,658,40,2,1
0,0,0,0,335,14,2,2
0,0,0,0,566,34,1,1
0,0,0,0,57,38,2,2
0,0,0,0,107,62,2,2
0,0,0,0,283,2,2,2
0,0,0,0,426,25,1,1
0,0,0,0,655,11,2,2
0,0,0,0,622,6,1,1
0,0,0,0,478,28,2,1
0,0,0,0,342,26,1,1
0,0,0,0,692,3,2,1
0,0,0,0,161,18,2,2
0,0,0,0,770,14,1,1
0,0,0,0,13,12,2,2
0,0,0,0,672,17,1,1
0,0,0,0,435,15,1,2
0,0,0,0,43,22,2,2
0,0,0,0,596,40,1,1
0,0,0,0,354,19,1,1
0,0,0,0,595,13,2,2
0,0,0,0,609,18,2,2
0,0,0,0,594,57,1,1
0,0,0,0,602,66,2,1
0,0,0,0,134,21,2,1
0,0,0,0,104,8,1,1
0,0,0,0,497,32,2,2
0,0,0,0,546,21,1,1
0,0,0,0,721,10,1,2
0,0,0,0,152,2,1,1
0,0,0,0,666,26,2,1
0,0,0,0,517,6,1,2
0,0,0,0,55,43,1,2
0,0,0,0,631,22,1,2
0,0,0,0,629,16,2,2
0,0,0,0,332,15,1,1
0,0,0,0,577,2,2,2
0,0,0,0,242,17,1,1
0,0,0,0,777,24,2,2
0,0,0,0,491,2,2,2
0,0,0,0,5,85,2,2
0,0,0,0,720,41,1,1
0,0,0,0,429,35,2,2
0,0,0,0,454,54,2,1
0,0,0,0,395,1,1,2
0,0,0,0,483,76,2,2
0,0,0,0,89,58,2,2
0,0,0,0,452,32,2,1
0,0,0,0,767,6,2,2
0,0,0,0,245,14,2,2
0,0,0,0,139,3,2,2
0,0,0,0,277,25,1,2
0,0,0,0,739,35,2,2
0,0,0,0,634,41,1,1
0,0,0,0,492,47,2,1
0,0,0,0,711,17,2,2
0,0,0,0,441,14,2,2
0,0,0,0,317,51,2,2
0,0,0,0,457,41,2,2
0,0,0,0,704,45,1,1
0,0,0,0,578,3,2,1
0,0,0,0,784,8,1,1
0,0,0,0,732,11,1,1
0,0,0,0,725,14,1,2
0,0,0,0,253,3,2,2
0,0,0,0,237,16,2,2
0,0,0,0,760,24,1,1
0,0,0,0,635,20,1,2
0,0,0,0,595,38,2,2
0,0,0,0,375,19,2,2
0,0,0,0,171,32,2,2
0,0,0,0,55,22,1,2
0,0,0,0,199,4,2,2
0,0,0,0,584,15,1,1
0,0,0,0,132,3,1,1
0,0,0,0,594,3,2,1
0,0,0,0,524,1,1,1
0,0,0,0,177,16,2,2
0,0,0,0,274,3,1,1
0,0,0,0,163,40,2,2
0,0,0,0,281,19,2,2
0,0,0,0,332,5,1,1
0,0,0,0,325,59,2,2
0,0,0,0,585,27,2,2
0,0,0,0,102,3,1,1
0,0,0,0,197,8,2,2
0,0,0,0,613,19,2,2
0,0,0,0,393,38,2,2
0,0,0,0,248,37,1,1
0,0,0,0,673,67,2,2
0,0,0,0,105,34,1,2
0,0,0,0,221,21,1,2
0,0,0,0,212,24,1,1
0,0,0,0,534,14,2,1
0,0,0,0,639,32,2,2
0,0,0,0,380,21,1,1
0,0,0,0,470,17,1,1
0,0,0,0,279,11,2,2
0,0,0,0,560,20,2,1
0,0,0,0,344,4,2,1
0,0,0,0,548,17,1,1
0,0,0,0,669,63,2,2
0,0,0,0,789,50,2,2
0,0,0,0,461,28,2,2
0,0,0,0,673,19,2,2
0,0,0,0,291,15,1,2
0,0,0,0,8,42,1,1
0,0,0,0,549,21,2,2
0,0,0,0,72,10,1,1
0,0,0,0,169,71,2,2
0,0,0,0,625,10,2,2
0,0,0,0,737,19,2,2
0,0,0,0,36,6,2,1
0,0,0,0,690,40,1,1
0,0,0,0,290,13,1,1
0,0,0,0,9,16,2,2
0,0,0,0,85,6,1,2
0,0,0,0,424,20,1,1
0,0,0,0,776,2,2,1
0,0,0,0,117,9,1,2
0,0,0,0,408,38,1,1
0,0,0,0,118,18,1,1
0,0,0,0,678,2,1,1
0,0,0,0,323,10,2,2
0,0,0,0,408,4,2,1
0,0,0,0,664,41,1,1
0,0,0,0,304,6,1,1
0,0,0,0,39,24,2,2
0,0,0,0,668,50,1,1
0,0,0,0,119,3,2,2
0,0,0,0,31,3,2,2
0,0,0,0,583,8,2,2
0,0,0,0,308,6,2,1
0,0,0,0,706,21,2,1
0,0,0,0,386,5,2,1
0,0,0,0,573,11,2,2
0,0,0,0,215,35,2,2
0,0,0,0,84,26,1,1
0,0,0,0,687,10,2,2
0,0,0,0,533,42,1,2
0,0,0,0,680,22,2,1
0,0,0,0,73,7,2,2
0,0,0,0,503,107,1,2
0,0,0,0,663,20,1,2
0,0,0,0,493,15,2,2
0,0,0,0,1,74,2,2
0,0,0,0,676,13,1,1
0,0,0,0,502,22,1,1
0,0,0,0,51,54,2,2
0,0,0,0,584,49,1,1
0,0,0,0,145,63,2,2
0,0,0,0,218,76,1,1
0,0,0,0,195,77,2,2
0,0,0,0,147,42,2,2
0,0,0,0,282,1,1,1
0,0,0,0,252,25,2,1
0,0,0,0,246,9,1,1
0,0,0,0,272,11,2,1
0,0,0,0,113,12,1,2
0,0,0,0,52,14,2,1
0,0,0,0,190,40,2,1
0,0,0,0,334,93,2,1
0,0,0,0,95,9,1,2
0,0,0,0,761,25,2,2
0,0,0,0,594,27,1,1
0,0,0,0,263,47,2,2
0,0,0,0,85,47,2,2
0,0,0,0,748,11,1,1
0,0,0,0,511,19,2,2
0,0,0,0,722,36,1,1
0,0,0,0,677,13,1,2
0,0,0,0,245,67,1,2
0,0,0,0,716,3,1,1
0,0,0,0,105,32,2,2
0,0,0,0,142,21,1,1
0,0,0,0,227,15,1,2
0,0,0,0,464,23,2,1
0,0,0,0,331,34,2,2
0,0,0,0,700,7,2,1
0,0,0,0,603,46,2,2
0,0,0,0,237,21,1,2
0,0,0,0,412,33,2,1
0,0,0,0,297,4,2,2
0,0,0,0,618,33,1,1
0,0,0,0,68,14,1,1
0,0,0,0,544,15,1,1
0,0,0,0,792,42,1,1
0,0,0,0,446,7,1,1
0,0,0,0,232,74,1,1
0,0,0,0,311,4,2,2
0,0,0,0,519,46,2,2
0,0,0,0,23,12,2,2
0,0,0,0,442,22,1,1
0,0,0,0,516,36,2,1
0,0,0,0,74,20,1,1
0,0,0,0,655,78,2,2
0,0,0,0,254,21,1,1
0,0,0,0,541,66,1,2
0,0,0,0,379,18,2,2
0,0,0,0,187,6,2,2
0,0,0,0,586,42,1,1
0,0,0,0,313,21,1,2
0,0,0,0,405,31,2,2
0,0,0,0,247,3,2,2
0,0,0,0,426,32,1,1
0,0,0,0,179,6,2,2
0,0,0,0,516,16,1,1
0,0,0,0,569,82,2,2
0,0,0,0,773,53,2,2
0,0,0,0,311,103,1,2
0,0,0,0,722,3,2,1
0,0,0,0,388,19,2,1
0,0,0,0,579,13,2,2
0,0,0,0,203,8,2,2
0,0,0,0,184,30,1,1
0,0,0,0,355,6,2,2
0,0,0,0,523,55,2,2
0,0,0,0,22,21,2,1
0,0,0,0,610,26,2,1
0,0,0,0,624,21,2,1
0,0,0,0,193,8,2,2
0,0,0,0,489,14,2,2
0,0,0,0,215,16,2,2
0,0,0,0,427,4,2,2
0,0,0,0,628,27,2,1
0,0,0,0,424,37,1,1
0,0,0,0,241,32,2,2
0,0,0,0,474,14,1,1
0,0,0,0,320,12,1,1
0,0,0,0,256,40,1,1
0,0,0,0,254,1,1,1
0,0,0,0,783,18,2,2
0,0,0,0,633,33,1,2
0,0,0,0,162,4,1,1
0,0,0,0,102,21,2,1
0,0,0,0,361,104,2,2
0,0,0,0,690,36,1,1
0,0,0,0,506,8,1,1
0,0,0,0,597,3,1,2
0,0,0,0,139,5,1,2
0,0,0,0,799,16,2,2
0,0,0,0,551,7,2,2
0,0,0,0,617,15,2,2
0,0,0,0,365,31,1,2
0,0,0,0,547,1,1,2
0,0,0,0,85,10,2,2
0,0,0,0,176,16,1,1
0,0,0,0,376,6,1,1
0,0,0,0,663,21,2,2
0,0,0,0,591,24,2,2
0,0,0,0,216,14,2,1
0,0,0,0,796,1,1,1
0,0,0,0,563,22,1,2
0,0,0,0,711,42,1,2
0,0,0,0,782,31,1,1
0,0,0,0,691,33,2,2
0,0,0,0,228,58,1,1
0,0,0,0,593,16,2,2
0,0,0,0,567,10,1,2
0,0,0,0,668,10,1,1
0,0,0,0,172,49,2,1
0,0,0,0,154,6,1,1
0,0,0,0,43,47,1,2
0,0,0,0,19,19,2,2
0,0,0,0,14,4,1,1
0,0,0,0,221,4,2,2
0,0,0,0,644,2,1,1
0,0,0,0,669,5,2,2
0,0,0,0,260,21,1,1
0,0,0,0,330,19,1,1
0,0,0,0,228,11,1,1
0,0,0,0,316,33,2,1
0,0,0,0,794,2,1,1
0,0,0,0,773,86,2,2
0,0,0,0,471,2,2,2
0,0,0,0,637,1,1,2
0,0,0,0,784,30,2,1
0,0,0,0,626,44,2,1
0,0,0,0,407,36,2,2
0,0,0,0,522,68,1,1
0,0,0,0,176,31,2,1
0,0,0,0,730,26,1,1
0,0,0,0,548,56,1,1
0,0,0,0,368,20,2,1
0,0,0,0,355,4,1,2
0,0,0,0,553,5,2,2
0,0,0,0,516,2,1,1
0,0,0,0,273,17,2,2
0,0,0,0,740,33,1,1
0,0,0,0,246,26,1,1
0,0,0,0,356,9,1,1
0,0,0,0,653,14,1,2
0,0,0,0,100,41,1,1
0,0,0,0,302,60,1,1
0,0,0,0,599,13,2,2
0,0,0,0,616,11,1,1
0,0,0,0,417,2,2,2
0,0,0,0,322,5,1,1
0,0,0,0,646,45,2,1
0,0,0,0,695,39,2,2
0,0,0,0,733,33,2,2
0,0,0,0,24,17,1,1
0,0,0,0,122,36,1,1
0,0,0,0,528,103,2,1
0,0,0,0,289,3,1,2
0,0,0,0,514,1,2,1
0,0,0,0,691,35,1,2
0,0,0,0,330,23,1,1
0,0,0,0,356,4,2,1
0,0,0,0,4,50,2,1
0,0,0,0,291,46,2,2
0,0,0,0,673,1,2,2
0,0,0,0,698,7,1,1
0,0,0,0,693,56,2,2
0,0,0,0,91,38,2,2
0,0,0,0,397,36,2,2
0,0,0,0,707,12,1,2
0,0,0,0,117,25,1,2
0,0,0,0,285,27,1,2
0,0,0,0,310,18,1,1
0,0,0,0,407,15,2,2
0,0,0,0,573,25,1,2
0,0,0,0,82,21,2,1
0,0,0,0,437,6,1,2
0,0,0,0,518,26,1,1
0,0,0,0,746,42,1,1
0,0,0,0,71,60,2,2
0,0,0,0,667,34,2,2
0,0,0,0,301,72,2,2
0,0,0,0,558,2,1,1
0,0,0,0,479,8,2,2
0,0,0,0,379,11,2,2
0,0,0,0,643,3,2,2
0,0,0,0,117,6,1,2
0,0,0,0,510,15,1,1
0,0,0,0,402,14,2,1
0,0,0,0,265,38,2,2
0,0,0,0,735,2,2,2
0,0,0,0,634,8,1,1
0,0,0,0,418,31,2,1
0,0,0,0,498,94,2,1
0,0,0,0,712,4,1,1
0,0,0,0,664,16,1,1
0,0,0,0,124,5,1,1
0,0,0,0,378,21,2,1
0,0,0,0,298,4,1,1
0,0,0,0,432,65,1,1
0,0,0,0,178,39,1,1
0,0,0,0,229,4,2,2
0,0,0,0,586,33,2,1
0,0,0,0,317,26,2,2
0,0,0,0,705,32,2,2
0,0,0,0,16,22,1,1
0,0,0,0,475,38,2,2
0,0,0,0,172,1,1,1
0,0,0,0,767,5,1,2
0,0,0,0,257,85,2,2
0,0,0,0,207,13,2,2
0,0,0,0,380,5,1,1
0,0,0,0,340,9,1,1
0,0,0,0,355,9,1,2
0,0,0,0,633,72,1,2
0,0,0,0,325,13,1,2
0,0,0,0,375,15,1,2
0,0,0,0,179,25,1,2
0,0,0,0,596,6,1,1
0,0,0,0,154,23,2,1
0,0,0,0,390,20,2,1
0,0,0,0,346,6,1,1
0,0,0,0,543,3,2,2
0,0,0,0,271,8,2,2
0,0,0,0,38,5,1,1
0,0,0,0,396,12,1,1
0,0,0,0,723,47,2,2
0,0,0,0,332,1,1,1
0,0,0,0,477,5,1,2
0,0,0,0,58,38,1,1
0,0,0,0,556,1,2,1
0,0,0,0,487,13,2,2
0,0,0,0,398,62,2,1
0,0,0,0,200,46,2,1
0,0,0,0,439,56,2,2
0,0,0,0,133,83,2,2
0,0,0,0,749,6,2,2
0,0,0,0,475,47,1,2
0,0,0,0,39,41,2,2
0,0,0,0,591,100,2,2
0,0,0,0,371,83,2,2
0,0,0,0,326,35,1,1
0,0,0,0,224,16,1,1
0,0,0,0,679,24,2,2
0,0,0,0,573,95,2,2
0,0,0,0,46,34,1,1
0,0,0,0,234,13,1,1
0,0,0,0,437,3,2,2
0,0,0,0,798,27,1,1
0,0,0,0,450,12,2,1
0,0,0,0,72,11,1,1
0,0,0,0,441,29,2,2
0,0,0,0,172,64,2,1
0,0,0,0,175,19,2,2
0,0,0,0,564,3,1,1
0,0,0,0,27,19,2,2
0,0,0,0,654,87,1,1
0,0,0,0,485,9,1,2
0,0,0,0,626,2,1,1
0,0,0,0,30,12,1,1
0,0,0,0,131,50,2,2
0,0,0,0,519,24,2,2
0,0,0,0,587,19,2,2
0,0,0,0,31,4,1,2
0,0,0,0,599,10,2,2
0,0,0,0,354,9,1,1
0,0,0,0,403,91,2,2
0,0,0,0,387,21,1,2
0,0,0,0,733,38,2,2
0,0,0,0,313,23,1,2
0,0,0,0,465,11,1,2
0,0,0,0,481,3,1,2
0,0,0,0,465,22,1,2
0,0,0,0,458,38,1,1
0,0,0,0,339,20,2,2
0,0,0,0,323,32,1,2
0,0,0,0,651,12,2,2
0,0,0,0,137,20,1,2
0,0,0,0,90,4,1,1
0,0,0,0,295,52,2,2
0,0,0,0,672,9,2,1
0,0,0,0,452,4,1,1
0,0,0,0,775,40,2,2
0,0,0,0,495,4,1,2
0,0,0,0,282,114,1,1
0,0,0,0,345,55,2,2
0,0,0,0,778,1,1,1
0,0,0,0,622,99,2,1
0,0,0,0,191,7,2,2
0,0,0,0,192,11,2,1
0,0,0,0,701,14,2,2
0,0,0,0,492,16,1,1
0,0,0,0,473,19,2,2
0,0,0,0,627,59,2,2
0,0,0,0,446,2,1,1
0,0,0,0,54,92,1,1
0,0,0,0,152,16,1,1
0,0,0,0,80,78,1,1
0,0,0,0,708,29,1,1
0,0,0,0,303,2,2,2
0,0,0,0,247,108,2,2
0,0,0,0,622,91,1,1
0,0,0,0,297,46,2,2
0,0,0,0,364,81,2,1
0,0,0,0,387,4,1,2
0,0,0,0,120,33,2,1
0,0,0,0,281,11,2,2
0,0,0,0,647,34,2,2
0,0,0,0,23,16,2,2
0,0,0,0,723,35,2,2
0,0,0,0,547,32,2,2
0,0,0,0,302,13,1,1
0,0,0,0,522,35,2,1
0,0,0,0,600,2,1,1
0,0,0,0,546,50,1,1
0,0,0,0,78,1,1,1
0,0,0,0,315,63,2,2
0,0,0,0,312,23,1,1
0,0,0,0,71,8,2,2
0,0,0,0,590,1,2,1
0,0,0,0,415,23,1,2
0,0,0,0,27,21,1,2
0,0,0,0,34,11,2,1
0,0,0,0,675,4,1,2
0,0,0,0,206,17,1,1
0,0,0,0,249,39,1,2
0,0,0,0,116,19,1,1
0,0,0,0,231,13,1,2
0,0,0,0,597,53,2,2
0,0,0,0,647,23,2,2
0,0,0,0,582,38,1,1
0,0,0,0,659,12,2,2
0,0,0,0,472,58,2,1
0,0,0,0,57,8,1,2
0,0,0,0,22,24,1,1
0,0,0,0,174,57,1,1
0,0,0,0,29,36,2,2
0,0,0,0,170,12,2,1
0,0,0,0,135,47,1,2
0,0,0,0,182,78,1,1
0,0,0,0,179,45,1,2
0,0,0,0,305,17,2,2
0,0,0,0,121,2,2,2
0,0,0,0,488,1,2,1
0,0,0,0,781,4,2,2
0,0,0,0,379,10,2,2
0,0,0,0,590,63,1,1
0,0,0,0,287,20,2,2
0,0,0,0,730,1,1,1
0,0,0,0,431,14,1,2
0,0,0,0,183,6,1,2
0,0,0,0,264,1,1,1
0,0,0,0,159,3,1,2
0,0,0,0,192,29,1,1
0,0,0,0,399,22,1,2
0,0,0,0,421,24,2,2
0,0,0,0,30,9,1,1
0,0,0,0,62,7,1,1
0,0,0,0,188,46,1,1
0,0,0,0,253,6,2,2
0,0,0,0,678,36,1,1
0,0,0,0,510,13,2,1
0,0,0,0,43,36,2,2
0,0,0,0,68,9,2,1
0,0,0,0,537,2,2,2
0,0,0,0,124,50,1,1
0,0,0,0,420,24,2,1
0,0,0,0,33,43,2,2
0,0,0,0,127,11,1,2
0,0,0,0,21,4,2,2
0,0,0,0,744,42,2,1
0,0,0,0,318,3,1,1
0,0,0,0,392,12,1,1
0,0,0,0,615,1,1,2
0,0,0,0,141,1,2,2
0,0,0,0,158,4,2,1
0,0,0,0,672,72,1,1
0,0,0,0,56,25,2,1
0,0,0,0,695,30,2,2
0,0,0,0,463,99,1,2
0,0,0,0,273,16,2,2
0,0,0,0,103,25,2,2
0,0,0,0,461,2,2,2
0,0,0,0,336,18,2,1
0,0,0,0,257,4,2,2
0,0,0,0,722,38,1,1
0,0,0,0,66,5,1,1
0,0,0,0,570,1,2,1
0,0,0,0,626,55,1,1
0,0,0,0,360,5,2,1
0,0,0,0,585,25,2,2
0,0,0,0,465,12,1,2
0,0,0,0,719,44,2,2
0,0,0,0,250,70,1,1
0,0,0,0,313,9,2,2
0,0,0,0,391,19,2,2
0,0,0,0,515,16,2,2
0,0,0,0,251,60,2,2
0,0,0,0,166,1,2,1
0,0,0,0,351,11,2,2
0,0,0,0,217,23,1,2
0,0,0,0,580,88,1,1
0,0,0,0,611,5,2,2
0,0,0,0,586,7,2,1
0,0,0,0,383,27,2,2
0,0,0,0,339,16,2,2
0,0,0,0,688,6,1,1
0,0,0,0,513,4,2,2
0,0,0,0,11,11,2,2
0,0,0,0,651,4,1,2
0,0,0,0,185,99,1,2
0,0,0,0,67,31,2,2
0,0,0,0,562,66,2,1
0,0,0,0,678,10,2,1
0,0,0,0,456,22,2,1
0,0,0,0,346,7,1,1
0,0,0,0,476,3,1,1
0,0,0,0,645,59,1,2
0,0,0,0,6,44,1,1
0,0,0,0,406,13,1,1
0,0,0,0,345,33,2,2
0,0,0,0,179,20,2,2
0,0,0,0,673,10,2,2
0,0,0,0,314,24,1,1
0,0,0,0,259,4,2,2
0,0,0,0,589,25,2,2
0,0,0,0,526,1,2,1
0,0,0,0,392,8,1,1
0,0,0,0,780,9,1,1
0,0,0,0,97,36,2,2
0,0,0,0,756,40,1,1
0,0,0,0,304,16,1,1
0,0,0,0,51,1,1,2
0,0,0,0,86,33,1,1
0,0,0,0,693,12,1,2
0,0,0,0,482,4,2,1
0,0,0,0,580,1,1,1
0,0,0,0,634,35,1,1
0,0,0,0,475,19,1,2
0,0,0,0,317,7,2,2
0,0,0,0,395,35,2,2
0,0,0,0,70,54,1,1
0,0,0,0,171,20,2,2
0,0,0,0,506,83,2,1
0,0,0,0,319,5,1,2
0,0,0,0,395,18,2,2
0,0,0,0,584,24,1,1
0,0,0,0,373,13,1,2
0,0,0,0,214,23,1,1
0,0,0,0,18,12,1,1
0,0,0,0,14,54,2,1
0,0,0,0,469,8,2,2
0,0,0,0,464,30,1,1
0,0,0,0,59,11,2,2
0,0,0,0,534,6,2,1
0,0,0,0,225,25,2,2
0,0,0,0,12,37,1,1
0,0,0,0,290,1,1,1
0,0,0,0,181,76,2,2
0,0,0,0,250,26,2,1
0,0,0,0,720,34,1,1
0,0,0,0,525,24,2,2
0,0,0,0,266,42,1,1
0,0,0,0,20,39,1,1
0,0,0,0,308,28,1,1
0,0,0,0,147,7,2,2
0,0,0,0,404,15,2,1
0,0,0,0,213,21,2,2
0,0,0,0,298,6,2,1
0,0,0,0,212,34,1,1
0,0,0,0,456,2,1,1
0,0,0,0,159,4,1,2
0,0,0,0,42,13,2,1
0,0,0,0,787,23,2,2
0,0,0,0,674,47,1,1
0,0,0,0,24,34,1,1
0,0,0,0,530,25,1,1
0,0,0,0,405,2,1,2
0,0,0,0,296,72,1,1
0,0,0,0,747,5,1,2
0,0,0,0,690,48,1,1
0,0,0,0,294,11,2,1
0,0,0,0,634,65,1,1
0,0,0,0,217,11,2,2
0,0,0,0,428,12,1,1
0,0,0,0,782,52,1,1
0,0,0,0,82,7,1,1
0,0,0,0,749,14,1,2
0,0,0,0,221,24,2,2
0,0,0,0,261,13,1,2
0,0,0,0,609,9,2,2
0,0,0,0,325,21,1,2
0,0,0,0,530,34,1,1
0,0,0,0,598,16,1,1
0,0,0,0,291,49,1,2
0,0,0,0,752,40,1,1
0,0,0,0,261,8,2,2
0,0,0,0,55,5,1,2
0,0,0,0,181,21,2,2
0,0,0,0,152,6,1,1
0,0,0,0,366,14,1,1
0,0,0,0,44,1,1,1
0,0,0,0,712,51,1,1
0,0,0,0,588,17,1,1
0,0,0,0,372,13,2,1
0,0,0,0,686,8,1,1
0,0,0,0,621,87,2,2
0,0,0,0,287,11,2,2
0,0,0,0,528,13,1,1
0,0,0,0,344,2,1,1
0,0,0,0,27,45,1,2
0,0,0,0,224,14,2,1
0,0,0,0,23,29,1,2
0,0,0,0,80,30,1,1
0,0,0,0,233,30,2,2
0,0,0,0,225,8,2,2
0,0,0,0,196,9,1,1
0,0,0,0,181,3,2,2
0,0,0,0,399,10,2,2
0,0,0,0,738,31,2,1
0,0,0,0,671,1,1,2
0,0,0,0,232,9,2,1
0,0,0,0,232,32,1,1
0,0,0,0,602,24,1,1
0,0,0,0,776,3,1,1
0,0,0,0,727,21,2,2
0,0,0,0,208,16,1,1
0,0,0,0,556,28,1,1
0,0,0,0,664,18,2,1
0,0,0,0,88,14,2,1
0,0,0,0,105,29,2,2
0,0,0,0,273,25,2,2
0,0,0,0,766,35,1,1
0,0,0,0,638,7,1,1
0,0,0,0,199,2,2,2
0,0,0,0,8,12,2,1
0,0,0,0,697,17,2,2
0,0,0,0,744,33,2,1
0,0,0,0,386,2,1,1
0,0,0,0,510,8,1,1
0,0,0,0,184,12,2,1
0,0,0,0,431,21,1,2
0,0,0,0,432,19,1,1
0,0,0,0,578,5,1,1
0,0,0,0,340,17,2,1
0,0,0,0,255,4,2,2
0,0,0,0,433,59,1,2
0,0,0,0,580,19,1,1
0,0,0,0,689,6,2,2
0,0,0,0,148,10,1,1
0,0,0,0,293,15,1,2
0,0,0,0,496,13,1,1
0,0,0,0,313,8,2,2
0,0,0,0,93,37,2,2
0,0,0,0,796,9,1,1
0,0,0,0,293,6,1,2
0,0,0,0,575,42,2,2
0,0,0,0,403,2,2,2
0,0,0,0,230,12,2,1
0,0,0,0,572,4,2,1
0,0,0,0,483,28,2,2
0,0,0,0,506,15,1,1
0,0,0,0,658,20,2,1
0,0,0,0,334,29,1,1
0,0,0,0,431,49,2,2
0,0,0,0,63,33,1,2
0,0,0,0,122,1,1,1
0,0,0,0,349,28,2,2
0,0,0,0,287,99,1,2
0,0,0,0,226,29,1,1
0,0,0,0,188,11,1,1
0,0,0,0,2,22,1,1
0,0,0,0,512,19,1,1
0,0,0,0,239,52,1,2
0,0,0,0,287,13,2,2
0,0,0,0,518,2,1,1
0,0,0,0,428,10,1,1
0,0,0,0,606,17,1,1
0,0,0,0,318,5,1,1
0,0,0,0,194,8,1,1
0,0,0,0,469,10,2,2
0,0,0,0,246,98,1,1
0,0,0,0,657,29,2,2
0,0,0,0,28,28,2,1
0,0,0,0,322,11,2,1
0,0,0,0,220,24,1,1
0,0,0,0,665,25,2,2
0,0,0,0,91,6,2,2
0,0,0,0,682,46,1,1
0,0,0,0,758,18,1,1
0,0,0,0,56,6,2,1
0,0,0,0,45,27,2,2
0,0,0,0,465,65,1,2
0,0,0,0,183,13,2,2
0,0,0,0,326,15,2,1
0,0,0,0,490,7,2,1
0,0,0,0,186,6,1,1
0,0,0,0,719,40,2,2
0,0,0,0,768,15,1,1
0,0,0,0,598,2,1,1
0,0,0,0,410,12,2,1
0,0,0,0,340,5,1,1
0,0,0,0,790,13,2,1
0,0,0,0,341,46,2,2
0,0,0,0,86,24,1,1
0,0,0,0,799,11,2,2
0,0,0,0,657,30,1,2
0,0,0,0,160,10,1,1
0,0,0,0,200,16,1,1
0,0,0,0,279,115,2,2
0,0,0,0,637,6,2,2
0,0,0,0,69,10,2,2
0,0,0,0,140,8,1,1
0,0,0,0,166,17,1,1
0,0,0,0,279,4,1,2
0,0,0,0,461,4,1,2
0,0,0,0,755,17,2,2
0,0,0,0,773,34,2,2
0,0,0,0,732,60,1,1
0,0,0,0,132,6,1,1
0,0,0,0,90,1,1,1
0,0,0,0,728,3,1,1
0,0,0,0,61,113,1,2
0,0,0,0,347,3,2,2
0,0,0,0,651,9,1,2
0,0,0,0,371,60,2,2
0,0,0,0,526,11,2,1
0,0,0,0,514,6,2,1
0,0,0,0,422,9,2,1
0,0,0,0,270,60,1,1
0,0,0,0,300,34,1,1
0,0,0,0,111,50,1,2
0,0,0,0,3,27,2,2
0,0,0,0,400,23,1,1
0,0,0,0,87,14,2,2
0,0,0,0,785,11,2,2
0,0,0,0,163,17,2,2
0,0,0,0,216,5,2,1
0,0,0,0,560,16,1,1
0,0,0,0,471,49,2,2
0,0,0,0,447,19,1,2
0,0,0,0,188,31,1,1
0,0,0,0,438,20,1,1
0,0,0,0,679,5,2,2
0,0,0,0,204,2,1,1
0,0,0,0,555,10,2,2
0,0,0,0,315,10,2,2
0,0,0,0,408,3,2,1
0,0,0,0,255,2,2,2
0,0,0,0,78,68,2,1
0,0,0,0,221,26,2,2
0,0,0,0,445,59,2,2
0,0,0,0,247,21,2,2
0,0,0,0,582,10,1,1
0,0,0,0,85,33,1,2
0,0,0,0,205,3,2,2
0,0,0,0,498,26,1,1
0,0,0,0,321,20,2,2
0,0,0,0,71,14,2,2
0,0,0,0,101,18,2,2
0,0,0,0,540,47,2,1
0,0,0,0,382,87,1,1
0,0,0,0,339,43,2,2
0,0,0,0,418,22,2,1
0,0,0,0,279,39,2,2
0,0,0,0,237,22,2,2
0,0,0,0,176,9,1,1
0,0,0,0,796,4,1,1
0,0,0,0,209,55,2,2
0,0,0,0,477,7,2,2
0,0,0,0,394,44,1,1
0,0,0,0,383,23,1,2
0,0,0,0,509,10,2,2
0,0,0,0,433,6,1,2
0,0,0,0,769,36,2,2
0,0,0,0,256,56,1,1
0,0,0,0,568,8,1,1
0,0,0,0,480,84,1,1
0,0,0,0,146,48,1,1
0,0,0,0,714,16,1,1
0,0,0,0,218,12,1,1
0,0,0,0,624,1,1,1
0,0,0,0,171,25,2,2
0,0,0,0,628,8,1,1
0,0,0,0,267,3,2,2
0,0,0,0,46,12,1,1
0,0,0,0,57,24,1,2
0,0,0,0,671,8,2,2
0,0,0,0,603,8,2,2
0,0,0,0,260,2,1,1
0,0,0,0,351,25,2,2
0,0,0,0,763,15,2,2
0,0,0,0,703,15,1,2
0,0,0,0,776,20,1,1
0,0,0,0,356,26,1,1
0,0,0,0,530,24,1,1
0,0,0,0,420,10,1,1
0,0,0,0,684,18,2,1
0,0,0,0,367,28,1,2
0,0,0,0,194,94,1,1
0,0,0,0,564,20,2,1
0,0,0,0,207,28,2,2
0,0,0,0,512,14,1,1
0,0,0,0,762,5,2,1
0,0,0,0,478,53,1,1
0,0,0,0,496,6,2,1
0,0,0,0,480,18,1,1
0,0,0,0,745,6,2,2
0,0,0,0,514,11,1,1
0,0,0,0,589,60,2,2
0,0,0,0,623,7,2,2
0,0,0,0,698,24,1,1
0,0,0,0,250,37,1,1
0,0,0,0,466,37,1,1
0,0,0,0,358,13,1,1
0,0,0,0,712,6,1,1
0,0,0,0,117,11,2,2
0,0,0,0,357,16,2,2
0,0,0,0,89,35,2,2
0,0,0,0,8,43,2,1
0,0,0,0,767,30,2,2
0,0,0,0,129,40,1,2
0,0,0,0,402,69,1,1
0,0,0,0,217,17,2,2
0,0,0,0,158,42,1,1
0,0,0,0,699,76,2,2
0,0,0,0,86,7,1,1
0,0,0,0,412,29,1,1
0,0,0,0,161,3,1,2
0,0,0,0,663,10,2,2
0,0,0,0,40,96,1,1
0,0,0,0,612,8,1,1
0,0,0,0,644,27,2,1
0,0,0,0,95,14,1,2
0,0,0,0,736,26,1,1
0,0,0,0,129,21,1,2
0,0,0,0,206,49,2,1
0,0,0,0,284,8,1,1
0,0,0,0,265,4,1,2
0,0,0,0,646,78,1,1
0,0,0,0,441,42,1,2
0,0,0,0,233,4,1,2
0,0,0,0,236,56,2,1
0,0,0,0,399,4,2,2
0,0,0,0,234,5,1,1
0,0,0,0,587,45,2,2
0,0,0,0,269,20,1,2
0,0,0,0,786,51,1,1
0,0,0,0,580,12,1,1
0,0,0,0,115,65,2,2
0,0,0,0,688,8,1,1
0,0,0,0,93,13,1,2
0,0,0,0,778,4,2,1
0,0,0,0,180,31,1,1
0,0,0,0,515,61,2,2
0,0,0,0,768,44,2,1
0,0,0,0,108,22,1,1
0,0,0,0,671,7,2,2
0,0,0,0,792,35,1,1
0,0,0,0,193,18,2,2
0,0,0,0,379,43,2,2
0,0,0,0,428,4,2,1
0,0,0,0,106,65,1,1
0,0,0,0,261,28,2,2
0,0,0,0,138,9,1,1
0,0,0,0,225,24,2,2
0,0,0,0,687,14,1,2
0,0,0,0,553,29,2,2
0,0,0,0,334,2,1,1
0,0,0,0,393,1,1,2
0,0,0,0,331,45,2,2
0,0,0,0,153,47,2,2
0,0,0,0,623,29,2,2
0,0,0,0,574,4,1,1
0,0,0,0,667,89,2,2
0,0,0,0,599,5,1,2
0,0,0,0,746,73,1,1
0,0,0,0,776,11,1,1
0,0,0,0,167,40,1,2
0,0,0,0,383,1,1,2
0,0,0,0,739,18,2,2
0,0,0,0,350,5,2,1
0,0,0,0,112,40,1,1
0,0,0,0,580,7,1,1
0,0,0,0,196,11,1,1
0,0,0,0,245,22,2,2
0,0,0,0,627,2,1,2
0,0,0,0,69,91,2,2
0,0,0,0,30,29,1,1
0,0,0,0,736,8,1,1
0,0,0,0,60,11,2,1
0,0,0,0,724,5,1,1
0,0,0,0,333,24,2,2
0,0,0,0,222,46,1,1
0,0,0,0,114,6,2,1
0,0,0,0,163,29,2,2
0,0,0,0,605,2,2,2
0,0,0,0,706,17,1,1
0,0,0,0,740,41,1,1
0,0,0,0,673,28,1,2
0,0,0,0,77,47,2,2
0,0,0,0,644,9,1,1
0,0,0,0,638,21,2,1
0,0,0,0,241,41,2,2
0,0,0,0,381,3,2,2
0,0,0,0,197,3,1,2
0,0,0,0,762,43,1,1
0,0,0,0,206,2,1,1
0,0,0,0,493,9,1,2
0,0,0,0,436,10,1,1
0,0,0,0,699,39,1,2
0,0,0,0,503,6,2,2
0,0,0,0,51,11,1,2
0,0,0,0,501,11,2,2
0,0,0,0,693,20,1,2
0,0,0,0,570,2,1,1
0,0,0,0,233,6,2,2
0,0,0,0,142,30,1,1
0,0,0,0,103,6,1,2
0,0,0,0,253,34,2,2
0,0,0,0,445,39,2,2
0,0,0,0,129,11,2,2
0,0,0,0,26,30,1,1
0,0,0,0,58,28,2,1
0,0,0,0,600,26,1,1
0,0,0,0,472,14,2,1
0,0,0,0,618,39,1,1
0,0,0,0,491,16,2,2
0,0,0,0,501,38,2,2
0,0,0,0,65,9,1,2
0,0,0,0,677,15,2,2
0,0,0,0,635,46,2,2
0,0,0,0,516,9,1,1
0,0,0,0,764,7,1,1
0,0,0,0,100,3,1,1
0,0,0,0,368,3,1,1
0,0,0,0,9,12,2,2
0,0,0,0,266,1,2,1
0,0,0,0,562,12,2,1
0,0,0,0,334,3,1,1
0,0,0,0,103,14,2,2
0,0,0,0,239,2,2,2
0,0,0,0,369,38,2,2
0,0,0,0,325,2,1,2
0,0,0,0,667,25,1,2
0,0,0,0,734,28,2,1
0,0,0,0,112,47,2,1
0,0,0,0,477,6,2,2
0,0,0,0,415,12,1,2
0,0,0,0,541,23,2,2
0,0,0,0,419,20,1,2
0,0,0,0,586,40,1,1
0,0,0,0,25,40,2,2
0,0,0,0,427,39,2,2
0,0,0,0,613,27,2,2
0,0,0,0,104,18,1,1
0,0,0,0,563,9,2,2
0,0,0,0,419,23,2,2
0,0,0,0,558,16,1,1
0,0,0,0,726,29,1,1
0,0,0,0,779,34,2,2
0,0,0,0,569,12,1,2
0,0,0,0,545,24,2,2
0,0,0,0,504,16,1,1
0,0,0,0,68,30,1,1
0,0,0,0,784,14,1,1
0,0,0,0,9,14,1,2
0,0,0,0,571,21,1,2
0,0,0,0,312,25,1,1
0,0,0,0,747,25,1,2
0,0,0,0,614,27,1,1
0,0,0,0,109,26,2,2
0,0,0,0,118,23,2,1
0,0,0,0,131,1,2,2
0,0,0,0,404,41,1,1
0,0,0,0,775,60,2,2
0,0,0,0,672,38,1,1
0,0,0,0,467,25,2,2
0,0,0,0,643,20,2,2
0,0,0,0,782,47,1,1
0,0,0,0,184,72,2,1
0,0,0,0,135,28,2,2
0,0,0,0,34,48,1,1
0,0,0,0,477,106,2,2
0,0,0,0,373,10,2,2
0,0,0,0,463,41,2,2
0,0,0,0,131,56,1,2
0,0,0,0,305,16,2,2
0,0,0,0,196,44,1,1
0,0,0,0,259,11,1,2
0,0,0,0,331,22,2,2
0,0,0,0,615,21,1,2
0,0,0,0,437,36,2,2
0,0,0,0,129,17,2,2
0,0,0,0,685,12,2,2
0,0,0,0,288,28,1,1
0,0,0,0,180,51,1,1
0,0,0,0,396,51,1,1
0,0,0,0,454,7,1,1
0,0,0,0,506,4,2,1
0,0,0,0,244,4,2,1
0,0,0,0,444,14,1,1
0,0,0,0,556,25,1,1
0,0,0,0,301,7,2,2
0,0,0,0,475,21,1,2
0,0,0,0,113,2,2,2
0,0,0,0,54,38,1,1
0,0,0,0,181,2,2,2
0,0,0,0,470,50,2,1
0,0,0,0,416,33,1,1
0,0,0,0,335,20,2,2
0,0,0,0,124,34,1,1
0,0,0,0,16,5,1,1
0,0,0,0,433,29,2,2
0,0,0,0,263,29,1,2
0,0,0,0,94,12,2,1
0,0,0,0,17,6,2,2
0,0,0,0,513,55,2,2
0,0,0,0,89,1,2,2
0,0,0,0,671,18,2,2
0,0,0,0,781,20,1,2
0,0,0,0,75,19,1,2
0,0,0,0,726,13,2,1
0,0,0,0,219,45,1,2
0,0,0,0,397,2,2,2
0,0,0,0,443,34,2,2
0,0,0,0,425,72,1,2
0,0,0,0,483,39,2,2
0,0,0,0,606,45,1,1
0,0,0,0,704,18,1,1
0,0,0,0,41,18,2,2
0,0,0,0,170,22,1,1
0,0,0,0,723,43,2,2
0,0,0,0,126,10,1,1
0,0,0,0,795,15,2,2
0,0,0,0,300,39,1,1
0,0,0,0,675,33,1,2
0,0,0,0,92,23,1,1
0,0,0,0,551,41,2,2
0,0,0,0,336,22,2,1
0,0,0,0,786,46,1,1
0,0,0,0,799,12,2,2
0,0,0,0,40,72,1,1
0,0,0,0,601,5,1,2
0,0,0,0,223,16,2,2
0,0,0,0,520,2,1,1
0,0,0,0,269,9,2,2
0,0,0,0,258,8,1,1
0,0,0,0,286,102,1,1
0,0,0,0,552,59,1,1
0,0,0,0,22,9,1,1
0,0,0,0,509,16,2,2
0,0,0,0,164,16,1,1
0,0,0,0,647,35,2,2
0,0,0,0,278,44,1,1
0,0,0,0,166,18,1,1
0,0,0,0,447,28,2,2
0,0,0,0,124,36,1,1
0,0,0,0,133,11,2,2
0,0,0,0,64,8,1,1
0,0,0,0,506,46,2,1
0,0,0,0,551,2,2,2
0,0,0,0,442,33,1,1
0,0,0,0,440,30,1,1
0,0,0,0,241,43,1,2
0,0,0,0,65,7,2,2
0,0,0,0,593,5,1,2
0,0,0,0,612,14,1,1
0,0,0,0,139,1,2,2
0,0,0,0,225,40,1,2
0,0,0,0,784,7,2,1
0,0,0,0,612,1,1,1
0,0,0,0,654,64,1,1
0,0,0,0,9,6,2,2
0,0,0,0,619,7,2,2
0,0,0,0,459,5,2,2
0,0,0,0,732,36,1,1
0,0,0,0,588,76,1,1
0,0,0,0,213,34,2,2
0,0,0,0,762,2,1,1
0,0,0,0,300,25,1,1
0,0,0,0,569,31,2,2
0,0,0,0,89,51,2,2
0,0,0,0,78,17,1,1
0,0,0,0,632,26,2,1
0,0,0,0,510,6,1,1
0,0,0,0,137,11,2,2
0,0,0,0,45,32,2,2
0,0,0,0,648,13,2,1
0,0,0,0,114,24,1,1
0,0,0,0,406,25,1,1
0,0,0,0,648,9,1,1
0,0,0,0,165,17,2,2
0,0,0,0,658,16,1,1
0,0,0,0,162,34,1,1
0,0,0,0,123,20,1,2
0,0,0,0,250,9,2,1
0,0,0,0,420,8,1,1
0,0,0,0,78,33,1,1
0,0,0,0,739,21,2,2
0,0,0,0,50,31,1,1
0,0,0,0,183,10,2,2
0,0,0,0,300,82,1,1
0,0,0,0,548,1,1,1
0,0,0,0,628,61,2,1
0,0,0,0,116,2,1,1
0,0,0,0,260,46,2,1
0,0,0,0,550,40,1,1
0,0,0,0,432,17,1,1
0,0,0,0,769,26,1,2
0,0,0,0,789,12,2,2
0,0,0,0,755,34,2,2
0,0,0,0,112,7,1,1
0,0,0,0,90,3,1,1
0,0,0,0,787,33,1,2
0,0,0,0,753,10,2,2
0,0,0,0,47,23,2,2
0,0,0,0,686,30,1,1
0,0,0,0,671,27,1,2
0,0,0,0,556,17,1,1
0,0,0,0,468,47,1,1
0,0,0,0,517,27,1,2
0,0,0,0,350,17,1,1
0,0,0,0,553,10,2,2
0,0,0,0,1,18,2,2
0,0,0,0,89,13,2,2
0,0,0,0,601,1,2,2
0,0,0,0,122,8,1,1
0,0,0,0,364,23,1,1
0,0,0,0,666,21,1,1
0,0,0,0,560,12,2,1
0,0,0,0,518,57,2,1
0,0,0,0,170,1,1,1
0,0,0,0,431,117,2,2
0,0,0,0,360,1,1,1
0,0,0,0,718,84,2,1
0,0,0,0,88,2,1,1
0,0,0,0,534,34,1,1
0,0,0,0,272,3,1,1
0,0,0,0,220,55,1,1
0,0,0,0,11,64,2,2
0,0,0,0,775,4,2,2
0,0,0,0,320,76,2,1
0,0,0,0,228,17,1,1
0,0,0,0,405,4,2,2
0,0,0,0,165,57,2,2
0,0,0,0,223,11,2,2
0,0,0,0,236,4,2,1
0,0,0,0,374,25,2,1
0,0,0,0,310,26,1,1
0,0,0,0,449,71,2,2
0,0,0,0,791,33,2,2
0,0,0,0,185,4,1,2
0,0,0,0,591,26,2,2
0,0,0,0,531,30,2,2
0,0,0,0,89,70,2,2
0,0,0,0,584,45,2,1
0,0,0,0,771,65,2,2
0,0,0,0,793,23,2,2
0,0,0,0,559,4,2,2
0,0,0,0,434,56,1,1
0,0,0,0,276,16,1,1
0,0,0,0,40,11,1,1
0,0,0,0,556,33,1,1
0,0,0,0,656,2,1,1
0,0,0,0,33,11,2,2
0,0,0,0,366,1,2,1
0,0,0,0,25,46,2,2
0,0,0,0,229,5,2,2
0,0,0,0,769,7,2,2
0,0,0,0,395,39,2,2
0,0,0,0,561,17,1,2
0,0,0,0,629,11,2,2
0,0,0,0,455,14,2,2
0,0,0,0,109,20,1,2
0,0,0,0,659,24,2,2
0,0,0,0,639,20,1,2
0,0,0,0,278,7,1,1
0,0,0,0,688,2,1,1
0,0,0,0,788,10,1,1
0,0,0,0,54,35,2,1
0,0,0,0,686,27,2,1
0,0,0,0,758,31,2,1
0,0,0,0,19,21,1,2
0,0,0,0,630,33,1,1
0,0,0,0,118,36,1,1
0,0,0,0,13,24,2,2
0,0,0,0,397,10,2,2
0,0,0,0,531,17,1,2
0,0,0,0,17,17,2,2
0,0,0,0,543,1,1,2
0,0,0,0,538,20,2,1
0,0,0,0,426,27,2,1
0,0,0,0,511,52,2,2
0,0,0,0,398,5,1,1
0,0,0,0,334,32,1,1
0,0,0,0,310,17,1,1
0,0,0,0,791,11,2,2
0,0,0,0,80,1,2,1
0,0,0,0,212,3,1,1
0,0,0,0,335,75,2,2
0,0,0,0,197,20,2,2
0,0,0,0,610,12,2,1
0,0,0,0,127,38,2,2
0,0,0,0,473,14,2,2
0,0,0,0,795,31,2,2
0,0,0,0,513,43,1,2
0,0,0,0,462,38,1,1
0,0,0,0,680,3,1,1
0,0,0,0,750,118,2,1
0,0,0,0,469,40,2,2
0,0,0,0,696,26,1,1
0,0,0,0,539,7,2,2
0,0,0,0,136,4,1,1
0,0,0,0,648,86,1,1
0,0,0,0,48,36,1,1
0,0,0,0,104,3,1,1
0,0,0,0,604,34,1,1
0,0,0,0,328,28,2,1
0,0,0,0,402,41,1,1
0,0,0,0,569,2,2,2
0,0,0,0,12,13,2,1
0,0,0,0,136,9,1,1
0,0,0,0,496,20,1,1
0,0,0,0,123,5,2,2
0,0,0,0,18,16,1,1
0,0,0,0,201,31,2,2
0,0,0,0,126,2,2,1
0,0,0,0,619,8,2,2
0,0,0,0,289,5,2,2
0,0,0,0,97,13,1,2
0,0,0,0,624,13,1,1
0,0,0,0,511,4,2,2
0,0,0,0,182,6,1,1
0,0,0,0,399,43,2,2
0,0,0,0,539,78,1,2
0,0,0,0,87,1,2,2
0,0,0,0,473,32,2,2
0,0,0,0,188,4,1,1
0,0,0,0,230,58,1,1
0,0,0,0,547,71,2,2
0,0,0,0,606,7,1,1
0,0,0,0,529,15,2,2
0,0,0,0,205,9,2,2
0,0,0,0,722,11,1,1
0,0,0,0,121,16,2,2
0,0,0,0,278,32,1,1
0,0,0,0,708,27,1,1
0,0,0,0,493,27,1,2
0,0,0,0,452,84,2,1
0,0,0,0,793,10,1,2
0,0,0,0,246,5,1,1
0,0,0,0,115,36,1,2
0,0,0,0,68,15,1,1
0,0,0,0,482,1,1,1
0,0,0,0,698,4,1,1
0,0,0,0,494,41,1,1
0,0,0,0,504,17,1,1
0,0,0,0,344,14,1,1
0,0,0,0,231,32,2,2
0,0,0,0,517,11,1,2
0,0,0,0,127,4,2,2
0,0,0,0,598,46,1,1
0,0,0,0,188,22,1,1
0,0,0,0,191,20,1,2
0,0,0,0,549,2,2,2
0,0,0,0,291,74,2,2
0,0,0,0,710,47,1,1
0,0,0,0,10,77,1,1
0,0,0,0,606,10,1,1
0,0,0,0,599,11,2,2
0,0,0,0,448,28,1,1
0,0,0,0,643,18,2,2
0,0,0,0,181,24,2,2
0,0,0,0,608,54,1,1
0,0,0,0,244,35,1,1
0,0,0,0,415,7,2,2
0,0,0,0,630,12,1,1
0,0,0,0,159,29,2,2
0,0,0,0,641,38,2,2
0,0,0,0,444,10,1,1
0,0,0,0,437,2,2,2
0,0,0,0,669,83,2,2
0,0,0,0,755,6,2,2
0,0,0,0,608,15,1,1
0,0,0,0,420,5,2,1
0,0,0,0,536,67,1,1
0,0,0,0,667,28,2,2
0,0,0,0,607,11,2,2
0,0,0,0,64,26,1,1
0,0,0,0,461,3,2,2
0,0,0,0,448,62,1,1
0,0,0,0,718,70,2,1
0,0,0,0,469,2,2,2
0,0,0,0,524,15,1,1
0,0,0,0,621,40,2,2
0,0,0,0,184,1,1,1
0,0,0,0,756,24,1,1
0,0,0,0,606,15,1,1
0,0,0,0,233,41,2,2
0,0,0,0,26,39,1,1
0,0,0,0,643,2,2,2
0,0,0,0,106,23,2,1
0,0,0,0,315,9,2,2
0,0,0,0,657,25,1,2
0,0,0,0,544,53,1,1
0,0,0,0,288,1,2,1
0,0,0,0,560,9,1,1
0,0,0,0,600,4,2,1
0,0,0,0,725,3,2,2
0,0,0,0,681,23,2,2
0,0,0,0,481,40,2,2
0,0,0,0,751,20,1,2
0,0,0,0,784,1,1,1
0,0,0,0,577,15,2,2
0,0,0,0,328,31,1,1
0,0,0,0,656,6,1,1
0,0,0,0,789,2,2,2
0,0,0,0,356,3,1,1
0,0,0,0,232,64,2,1
0,0,0,0,257,14,2,2
0,0,0,0,582,1,1,1
0,0,0,0,267,9,2,2
0,0,0,0,17,18,2,2
0,0,0,0,56,13,2,1
0,0,0,0,651,6,2,2
0,0,0,0,715,7,2,2
0,0,0,0,540,24,1,1
0,0,0,0,512,99,1,1
0,0,0,0,545,16,2,2
0,0,0,0,649,13,2,2
0,0,0,0,734,26,1,1
0,0,0,0,516,4,1,1
0,0,0,0,195,67,1,2
0,0,0,0,709,32,2,2
0,0,0,0,111,12,2,2
0,0,0,0,176,42,1,1
0,0,0,0,558,12,2,1
0,0,0,0,736,5,1,1
0,0,0,0,563,28,2,2
0,0,0,0,471,6,2,2
0,0,0,0,24,40,1,1
0,0,0,0,626,11,1,1
0,0,0,0,659,4,2,2
0,0,0,0,365,54,2,2
0,0,0,0,84,42,2,1
0,0,0,0,774,54,2,1
0,0,0,0,439,34,2,2
0,0,0,0,438,27,1,1
0,0,0,0,792,16,1,1
0,0,0,0,725,34,2,2
0,0,0,0,110,13,1,1
0,0,0,0,141,15,2,2
0,0,0,0,105,64,1,2
0,0,0,0,252,20,1,1
0,0,0,0,447,2,2,2
0,0,0,0,560,50,2,1
0,0,0,0,14,20,1,1
0,0,0,0,406,17,1,1
0,0,0,0,769,11,2,2
0,0,0,0,458,14,1,1
0,0,0,0,612,10,1,1
0,0,0,0,69,11,2,2
0,0,0,0,581,42,2,2
0,0,0,0,348,24,2,1
0,0,0,0,467,14,2,2
0,0,0,0,578,15,1,1
0,0,0,0,258,6,1,1
0,0,0,0,150,63,2,1
0,0,0,0,682,51,1,1
0,0,0,0,49,2,2,2
0,0,0,0,298,1,1,1
0,0,0,0,788,31,1,1
0,0,0,0,359,16,2,2
0,0,0,0,792,39,1,1
0,0,0,0,574,28,1,1
0,0,0,0,251,9,2,2
0,0,0,0,106,42,1,1
0,0,0,0,717,15,2,2
0,0,0,0,308,40,2,1
0,0,0,0,665,6,2,2
0,0,0,0,242,37,2,1
0,0,0,0,288,4,1,1
0,0,0,0,319,1,2,2
0,0,0,0,657,3,2,2
0,0,0,0,413,3,2,2
0,0,0,0,114,31,1,1
0,0,0,0,252,5,1,1
0,0,0,0,73,12,2,2
0,0,0,0,260,44,2,1
0,0,0,0,315,40,2,2
0,0,0,0,86,16,1,1
0,0,0,0,372,29,1,1
0,0,0,0,674,1,2,1
0,0,0,0,104,4,2,1
0,0,0,0,314,20,2,1
0,0,0,0,457,20,1,2
0,0,0,0,577,16,2,2
0,0,0,0,337,11,2,2
0,0,0,0,727,16,2,2
0,0,0,0,773,17,2,2
0,0,0,0,622,26,1,1
0,0,0,0,114,14,1,1
0,0,0,0,529,7,2,2
0,0,0,0,285,45,1,2
0,0,0,0,609,5,2,2
0,0,0,0,479,10,2,2
0,0,0,0,729,120,2,2
0,0,0,0,120,43,2,1
0,0,0,0,280,81,2,1
0,0,0,0,476,10,1,1
0,0,0,0,164,28,2,1
0,0,0,0,123,25,2,2
0,0,0,0,53,2,2,2
0,0,0,0,385,70,2,2
0,0,0,0,674,6,1,1
0,0,0,0,625,31,2,2
0,0,0,0,76,18,1,1
0,0,0,0,781,33,2,2
0,0,0,0,488,35,2,1
0,0,0,0,335,29,2,2
0,0,0,0,160,6,1,1
0,0,0,0,362,3,1,1
0,0,0,0,85,55,1,2
0,0,0,0,687,6,2,2
0,0,0,0,437,20,2,2
0,0,0,0,655,21,2,2
0,0,0,0,276,24,1,1
0,0,0,0,630,17,1,1
0,0,0,0,137,2,2,2
0,0,0,0,111,26,2,2
0,0,0,0,479,1,2,2
0,0,0,0,545,21,2,2
0,0,0,0,11,27,2,2
0,0,0,0,372,8,1,1
0,0,0,0,312,20,2,1
0,0,0,0,427,81,2,2
0,0,0,0,613,6,2,2
0,0,0,0,449,8,2,2
0,0,0,0,487,3,2,2
0,0,0,0,168,78,1,1
0,0,0,0,235,60,2,2
0,0,0,0,332,7,1,1
0,0,0,0,107,4,2,2
0,0,0,0,208,10,1,1
0,0,0,0,639,25,2,2
0,0,0,0,431,63,2,2
0,0,0,0,253,43,2,2
0,0,0,0,407,16,2,2
0,0,0,0,550,46,2,1
0,0,0,0,172,40,2,1
0,0,0,0,651,31,2,2
0,0,0,0,364,33,1,1
0,0,0,0,585,7,2,2
0,0,0,0,439,25,1,2
0,0,0,0,792,8,1,1
0,0,0,0,147,41,2,2
0,0,0,0,675,13,1,2
0,0,0,0,404,4,2,1
0,0,0,0,652,5,2,1
0,0,0,0,630,15,1,1
0,0,0,0,212,17,1,1
0,0,0,0,114,13,1,1
0,0,0,0,628,3,1,1
0,0,0,0,293,11,1,2
0,0,0,0,204,46,2,1
0,0,0,0,532,56,1,1
0,0,0,0,582,15,1,1
0,0,0,0,472,11,1,1
0,0,0,0,675,6,1,2
0,0,0,0,367,38,2,2
0,0,0,0,764,11,2,1
0,0,0,0,111,9,2,2
0,0,0,0,13,11,2,2
0,0,0,0,338,16,1,1
0,0,0,0,675,54,2,2
0,0,0,0,16,101,1,1
0,0,0,0,75,17,2,2
0,0,0,0,236,34,2,1
0,0,0,0,215,6,1,2
0,0,0,0,150,10,2,1
0,0,0,0,25,7,2,2
0,0,0,0,514,30,2,1
0,0,0,0,482,96,1,1
0,0,0,0,278,38,1,1
0,0,0,0,147,18,2,2
0,0,0,0,497,3,2,2
0,0,0,0,434,27,2,1
0,0,0,0,482,26,2,1
0,0,0,0,524,23,1,1
0,0,0,0,462,1,1,1
0,0,0,0,120,10,1,1
0,0,0,0,563,38,2,2
0,0,0,0,301,11,2,2
0,0,0,0,752,14,1,1
0,0,0,0,79,23,2,2
0,0,0,0,85,9,1,2
0,0,0,0,740,18,1,1
0,0,0,0,193,16,2,2
0,0,0,0,257,6,2,2
0,0,0,0,503,8,2,2
0,0,0,0,28,18,2,1
0,0,0,0,404,68,2,1
0,0,0,0,89,23,1,2
0,0,0,0,588,57,1,1
0,0,0,0,342,20,2,1
0,0,0,0,736,39,1,1
0,0,0,0,238,4,1,1
0,0,0,0,502,54,1,1
0,0,0,0,242,29,1,1
0,0,0,0,442,26,2,1
0,0,0,0,417,28,2,2
0,0,0,0,228,3,1,1
0,0,0,0,443,53,2,2
0,0,0,0,689,24,2,2
0,0,0,0,461,8,2,2
0,0,0,0,395,40,2,2
0,0,0,0,771,26,2,2
0,0,0,0,391,6,1,2
0,0,0,0,331,12,1,2
0,0,0,0,300,20,2,1
0,0,0,0,27,30,1,2
0,0,0,0,75,10,2,2
0,0,0,0,661,72,1,2
0,0,0,0,507,22,1,2
0,0,0,0,528,3,1,1
0,0,0,0,744,35,1,1
0,0,0,0,292,4,1,1
0,0,0,0,653,28,2,2
0,0,0,0,278,89,1,1
0,0,0,0,387,6,2,2
0,0,0,0,245,21,2,2
0,0,0,0,20,5,2,1
0,0,0,0,429,11,2,2
0,0,0,0,499,44,2,2
0,0,0,0,170,16,1,1
0,0,0,0,346,2,1,1
0,0,0,0,345,11,2,2
0,0,0,0,461,6,1,2
0,0,0,0,720,1,1,1
0,0,0,0,645,50,2,2
0,0,0,0,626,18,1,1
0,0,0,0,204,39,2,1
0,0,0,0,700,39,1,1
0,0,0,0,302,98,1,1
0,0,0,0,456,57,1,1
0,0,0,0,266,18,2,1
0,0,0,0,90,15,2,1
0,0,0,0,141,9,1,2
0,0,0,0,148,19,1,1
0,0,0,0,522,12,2,1
0,0,0,0,278,1,2,1
0,0,0,0,647,12,2,2
0,0,0,0,306,22,1,1
0,0,0,0,14,38,1,1
0,0,0,0,472,5,1,1
0,0,0,0,524,9,1,1
0,0,0,0,301,2,2,2
0,0,0,0,4,37,1,1
0,0,0,0,491,26,2,2
0,0,0,0,185,20,2,2
0,0,0,0,714,14,2,1
0,0,0,0,101,3,2,2
0,0,0,0,258,51,1,1
0,0,0,0,715,23,1,2
0,0,0,0,177,4,1,2
0,0,0,0,499,28,2,2
0,0,0,0,86,29,1,1
0,0,0,0,280,51,1,1
0,0,0,0,500,9,2,1
0,0,0,0,7,48,2,2
0,0,0,0,53,14,1,2
0,0,0,0,114,18,1,1
0,0,0,0,508,36,1,1
0,0,0,0,349,16,2,2
0,0,0,0,312,21,1,1
0,0,0,0,781,22,2,2
0,0,0,0,46,25,1,1
0,0,0,0,661,12,1,2
0,0,0,0,747,12,2,2
0,0,0,0,2,10,2,1
0,0,0,0,275,2,2,2
0,0,0,0,624,37,1,1
0,0,0,0,576,14,1,1
0,0,0,0,718,32,1,1
0,0,0,0,589,11,2,2
0,0,0,0,365,17,2,2
0,0,0,0,285,6,2,2
0,0,0,0,396,28,1,1
0,0,0,0,232,2,1,1
0,0,0,0,667,10,2,2
0,0,0,0,13,10,2,2
0,0,0,0,422,6,1,1
0,0,0,0,383,4,1,2
0,0,0,0,235,46,2,2
0,0,0,0,740,39,1,1
0,0,0,0,126,4,1,1
0,0,0,0,12,48,1,1
0,0,0,0,579,1,2,2
0,0,0,0,254,4,2,1
0,0,0,0,796,11,1,1
0,0,0,0,695,3,2,2
0,0,0,0,705,71,2,2
0,0,0,0,724,14,1,1
0,0,0,0,548,3,1,1
0,0,0,0,226,22,1,1
0,0,0,0,373,30,1,2
0,0,0,0,26,36,1,1
0,0,0,0,635,35,1,2
0,0,0,0,711,30,2,2
0,0,0,0,52,29,1,1
0,0,0,0,282,22,2,1
0,0,0,0,335,32,2,2
0,0,0,0,420,56,1,1
0,0,0,0,295,14,2,2
0,0,0,0,521,49,2,2
0,0,0,0,63,11,1,2
0,0,0,0,263,11,1,2
0,0,0,0,649,32,1,2
0,0,0,0,565,14,2,2
0,0,0,0,338,12,1,1
0,0,0,0,449,1,2,2
0,0,0,0,168,1,2,1
0,0,0,0,34,9,2,1
0,0,0,0,153,52,1,2
0,0,0,0,725,9,2,2
0,0,0,0,269,24,2,2
0,0,0,0,701,6,2,2
0,0,0,0,148,22,1,1
0,0,0,0,384,54,2,1
0,0,0,0,314,58,1,1
0,0,0,0,735,50,1,2
0,0,0,0,612,54,2,1
0,0,0,0,133,17,2,2
0,0,0,0,386,88,1,1
0,0,0,0,12,85,1,1
0,0,0,0,794,9,1,1
0,0,0,0,650,14,1,1
0,0,0,0,228,28,2,1
0,0,0,0,23,1,1,2
0,0,0,0,144,29,1,1
0,0,0,0,615,3,2,2
0,0,0,0,129,3,2,2
0,0,0,0,324,13,1,1
0,0,0,0,113,8,2,2
0,0,0,0,800,22,1,1
0,0,0,0,382,4,2,1
0,0,0,0,168,30,1,1
0,0,0,0,560,74,1,1
0,0,0,0,409,11,2,2
0,0,0,0,290,38,1,1
0,0,0,0,756,49,1,1
0,0,0,0,232,6,2,1
0,0,0,0,527,46,2,2
0,0,0,0,513,8,2,2
0,0,0,0,272,21,2,1
0,0,0,0,531,85,2,2
0,0,0,0,239,3,1,2
0,0,0,0,42,4,1,1
0,0,0,0,311,21,2,2
0,0,0,0,322,18,2,1
0,0,0,0,406,21,1,1
0,0,0,0,523,17,2,2
0,0,0,0,258,28,2,1
0,0,0,0,330,85,2,1
0,0,0,0,79,5,2,2
0,0,0,0,715,32,2,2
0,0,0,0,755,24,2,2
0,0,0,0,445,5,2,2
0,0,0,0,590,98,2,1
0,0,0,0,714,50,2,1
0,0,0,0,516,21,1,1
0,0,0,0,623,19,1,2
0,0,0,0,761,19,2,2
0,0,0,0,470,59,1,1
0,0,0,0,553,18,2,2
0,0,0,0,360,35,1,1
0,0,0,0,292,11,1,1
0,0,0,0,149,2,2,2
0,0,0,0,408,1,2,1
0,0,0,0,167,10,1,2
0,0,0,0,526,33,2,1
0,0,0,0,267,51,2,2
0,0,0,0,324,47,2,1
0,0,0,0,434,14,2,1
0,0,0,0,606,4,2,1
0,0,0,0,544,3,1,1
0,0,0,0,393,25,1,2
0,0,0,0,238,16,1,1
0,0,0,0,769,20,1,2
0,0,0,0,353,23,2,2
0,0,0,0,242,19,1,1
0,0,0,0,237,2,2,2
0,0,0,0,656,4,1,1
0,0,0,0,468,11,1,1
0,0,0,0,227,26,2,2
0,0,0,0,276,12,2,1
0,0,0,0,703,3,2,2
0,0,0,0,699,6,1,2
0,0,0,0,749,9,1,2
0,0,0,0,159,12,1,2
0,0,0,0,443,50,2,2
0,0,0,0,200,15,1,1
0,0,0,0,535,33,1,2
0,0,0,0,757,8,2,2
0,0,0,0,182,11,1,1
0,0,0,0,159,7,1,2
0,0,0,0,308,15,2,1
0,0,0,0,529,36,2,2
0,0,0,0,321,17,2,2
0,0,0,0,697,3,2,2
0,0,0,0,332,3,2,1
0,0,0,0,712,7,1,1
0,0,0,0,95,3,2,2
0,0,0,0,204,16,1,1
0,0,0,0,570,44,1,1
0,0,0,0,268,45,2,1
0,0,0,0,615,29,2,2
0,0,0,0,177,43,2,2
0,0,0,0,592,63,1,1
0,0,0,0,553,22,2,2
0,0,0,0,419,3,1,2
0,0,0,0,409,32,2,2
0,0,0,0,177,26,2,2
0,0,0,0,606,16,1,1
0,0,0,0,623,92,1,2
0,0,0,0,511,59,2,2
0,0,0,0,613,5,2,2
0,0,0,0,283,24,2,2
0,0,0,0,783,7,1,2
0,0,0,0,653,20,2,2
0,0,0,0,526,7,1,1
0,0,0,0,412,82,2,1
0,0,0,0,127,16,2,2
0,0,0,0,572,33,2,1
0,0,0,0,796,5,2,1
0,0,0,0,411,15,2,2
0,0,0,0,675,2,2,2
0,0,0,0,379,16,2,2
0,0,0,0,466,43,2,1
0,0,0,0,293,16,2,2
0,0,0,0,267,6,2,2
0,0,0,0,352,8,1,1
0,0,0,0,377,58,2,2
0,0,0,0,412,36,1,1
0,0,0,0,788,4,1,1
0,0,0,0,716,16,1,1
0,0,0,0,22,17,1,1
0,0,0,0,374,7,1,1
0,0,0,0,142,33,1,1
0,0,0,0,790,10,1,1
0,0,0,0,76,13,1,1
0,0,0,0,598,9,1,1
0,0,0,0,591,6,2,2
0,0,0,0,422,47,1,1
0,0,0,0,579,36,2,2
0,0,0,0,652,8,1,1
0,0,0,0,580,15,2,1
0,0,0,0,362,15,1,1
0,0,0,0,530,13,1,1
0,0,0,0,5,39,2,2
0,0,0,0,433,24,2,2
0,0,0,0,222,2,1,1
0,0,0,0,414,19,1,1
0,0,0,0,334,28,1,1
0,0,0,0,45,14,2,2
0,0,0,0,744,18,1,1
0,0,0,0,424,3,1,1
0,0,0,0,491,5,1,2
0,0,0,0,641,22,2,2
0,0,0,0,311,6,2,2
0,0,0,0,413,9,2,2
0,0,0,0,329,58,2,2
0,0,0,0,539,63,1,2
0,0,0,0,599,44,2,2
0,0,0,0,53,31,1,2
0,0,0,0,147,14,2,2
0,0,0,0,134,30,1,1
0,0,0,0,277,33,1,2
0,0,0,0,604,31,1,1
0,0,0,0,208,2,1,1
0,0,0,0,523,36,1,2
0,0,0,0,58,23,1,1
0,0,0,0,647,27,2,2
0,0,0,0,502,37,1,1
0,0,0,0,119,2,2,2
0,0,0,0,665,13,1,2
0,0,0,0,727,33,2,2
0,0,0,0,209,2,2,2
0,0,0,0,642,4,1,1
0,0,0,0,787,13,2,2
0,0,0,0,188,9,2,1
0,0,0,0,782,17,1,1
0,0,0,0,415,48,2,2
0,0,0,0,685,13,1,2
0,0,0,0,627,31,2,2
0,0,0,0,721,47,1,2
0,0,0,0,217,29,2,2
0,0,0,0,777,15,1,2
0,0,0,0,444,29,1,1
0,0,0,0,619,22,2,2
0,0,0,0,642,12,1,1
0,0,0,0,107,9,1,2
0,0,0,0,281,6,2,2
0,0,0,0,640,29,1,1
0,0,0,0,455,21,1,2
0,0,0,0,365,15,2,2
0,0,0,0,167,53,2,2
0,0,0,0,662,15,1,1
0,0,0,0,371,62,2,2
0,0,0,0,322,1,2,1
0,0,0,0,766,9,2,1
0,0,0,0,238,13,1,1
0,0,0,0,83,13,2,2
0,0,0,0,414,36,1,1
0,0,0,0,319,32,2,2
0,0,0,0,273,40,2,2
0,0,0,0,510,28,1,1
0,0,0,0,395,19,2,2
0,0,0,0,37,25,2,2
0,0,0,0,51,19,1,2
0,0,0,0,747,14,1,2
0,0,0,0,50,2,1,1
0,0,0,0,205,29,2,2
0,0,0,0,544,2,1,1
0,0,0,0,391,3,1,2
0,0,0,0,789,48,2,2
0,0,0,0,498,30,1,1
0,0,0,0,639,19,2,2
0,0,0,0,549,30,1,2
0,0,0,0,42,9,1,1
0,0,0,0,522,34,1,1
0,0,0,0,648,15,1,1
0,0,0,0,116,7,1,1
0,0,0,0,123,12,2,2
0,0,0,0,552,22,2,1
0,0,0,0,403,7,2,2
0,0,0,0,306,40,1,1
0,0,0,0,502,30,1,1
0,0,0,0,324,28,1,1
0,0,0,0,67,71,2,2
0,0,0,0,362,28,2,1
0,0,0,0,47,1,1,2
0,0,0,0,519,8,2,2
0,0,0,0,633,8,2,2
0,0,0,0,760,52,1,1
0,0,0,0,719,26,2,2
0,0,0,0,521,25,1,2
0,0,0,0,99,4,2,2
0,0,0,0,122,4,2,1
0,0,0,0,308,11,1,1
0,0,0,0,182,44,2,1
0,0,0,0,98,5,2,1
0,0,0,0,77,33,2,2
0,0,0,0,502,19,1,1
0,0,0,0,667,24,2,2
0,0,0,0,303,29,2,2
0,0,0,0,728,52,2,1
0,0,0,0,308,13,2,1
0,0,0,0,252,29,1,1
0,0,0,0,51,14,2,2
0,0,0,0,378,15,1,1
0,0,0,0,181,30,1,2
0,0,0,0,326,6,1,1
0,0,0,0,745,35,2,2
0,0,0,0,598,12,1,1
0,0,0,0,494,3,1,1
0,0,0,0,729,5,2,2
0,0,0,0,586,27,2,1
0,0,0,0,583,10,2,2
0,0,0,0,705,16,2,2
0,0,0,0,162,30,2,1
0,0,0,0,187,11,2,2
0,0,0,0,759,19,2,2
0,0,0,0,625,2,2,2
0,0,0,0,367,31,2,2
0,0,0,0,461,59,1,2
0,0,0,0,678,31,1,1
0,0,0,0,50,15,1,1
0,0,0,0,796,36,2,1
0,0,0,0,267,39,2,2
0,0,0,0,325,27,2,2
0,0,0,0,358,19,1,1
0,0,0,0,113,32,2,2
0,0,0,0,686,1,2,1
0,0,0,0,496,51,1,1
0,0,0,0,131,19,1,2
0,0,0,0,151,2,2,2
0,0,0,0,338,9,1,1
0,0,0,0,443,30,1,2
0,0,0,0,265,68,2,2
0,0,0,0,629,4,1,2
0,0,0,0,199,37,2,2
0,0,0,0,348,1,1,1
0,0,0,0,489,50,1,2
0,0,0,0,54,19,1,1
0,0,0,0,707,8,2,2
0,0,0,0,702,15,1,1
0,0,0,0,668,18,1,1
0,0,0,0,645,29,2,2
0,0,0,0,619,48,2,2
0,0,0,0,128,11,2,1
0,0,0,0,82,12,1,1
0,0,0,0,696,8,1,1
0,0,0,0,583,26,2,2
0,0,0,0,155,42,1,2
0,0,0,0,284,19,1,1
0,0,0,0,142,3,1,1
0,0,0,0,3,58,2,2
0,0,0,0,458,8,1,1
0,0,0,0,692,53,2,1
0,0,0,0,539,3,1,2
0,0,0,0,166,22,1,1
0,0,0,0,181,22,2,2
0,0,0,0,134,22,2,1
0,0,0,0,451,16,2,2
0,0,0,0,326,1,2,1
0,0,0,0,621,27,2,2
0,0,0,0,402,12,1,1
0,0,0,0,95,29,2,2
0,0,0,0,482,8,1,1
0,0,0,0,614,15,2,1
0,0,0,0,703,1,2,2
0,0,0,0,296,1,1,1
0,0,0,0,752,5,2,1
0,0,0,0,694,21,2,1
0,0,0,0,486,30,1,1
0,0,0,0,777,5,1,2
0,0,0,0,401,32,2,2
0,0,0,0,348,39,1,1
0,0,0,0,679,70,1,2
0,0,0,0,166,4,1,1
0,0,0,0,147,11,2,2
0,0,0,0,20,4,1,1
0,0,0,0,742,17,1,1
0,0,0,0,276,29,1,1
0,0,0,0,635,39,2,2
0,0,0,0,405,56,2,2
0,0,0,0,315,41,2,2
0,0,0,0,620,10,1,1
0,0,0,0,66,38,1,1
0,0,0,0,79,3,1,2
0,0,0,0,126,9,1,1
0,0,0,0,10,21,1,1
0,0,0,0,349,8,2,2
0,0,0,0,582,27,1,1
0,0,0,0,33,5,2,2
0,0,0,0,197,4,1,2
0,0,0,0,731,28,2,2
0,0,0,0,374,3,2,1
0,0,0,0,733,37,1,2
0,0,0,0,637,20,1,2
0,0,0,0,200,43,2,1
0,0,0,0,178,13,2,1
0,0,0,0,33,33,2,2
0,0,0,0,244,18,2,1
0,0,0,0,229,2,2,2
0,0,0,0,214,27,1,1
0,0,0,0,701,2,2,2
0,0,0,0,100,19,1,1
0,0,0,0,286,2,1,1
0,0,0,0,394,2,1,1
0,0,0,0,408,11,1,1
0,0,0,0,15,37,2,2
0,0,0,0,447,63,2,2
0,0,0,0,151,8,2,2
0,0,0,0,743,6,2,2
0,0,0,0,133,18,2,2
0,0,0,0,66,7,2,1
0,0,0,0,392,3,1,1
0,0,0,0,694,31,1,1
0,0,0,0,339,85,2,2
0,0,0,0,262,7,1,1
0,0,0,0,741,13,2,2
0,0,0,0,708,56,1,1
0,0,0,0,7,39,2,2
0,0,0,0,35,20,2,2
0,0,0,0,104,6,1,1
0,0,0,0,241,19,1,2
0,0,0,0,748,22,1,1
0,0,0,0,483,5,1,2
0,0,0,0,37,41,2,2
0,0,0,0,679,51,2,2
0,0,0,0,419,26,2,2
0,0,0,0,159,14,1,2
0,0,0,0,682,16,1,1
0,0,0,0,227,44,1,2
0,0,0,0,39,29,2,2
0,0,0,0,737,2,2,2
0,0,0,0,726,1,2,1
0,0,0,0,650,29,1,1
0,0,0,0,264,51,2,1
0,0,0,0,207,50,2,2
0,0,0,0,70,21,2,1
0,0,0,0,503,36,2,2
0,0,0,0,635,21,2,2
0,0,0,0,375,14,2,2
0,0,0,0,748,16,1,1
0,0,0,0,687,3,2,2
0,0,0,0,323,13,1,2
0,0,0,0,298,28,1,1
0,0,0,0,191,13,2,2
0,0,0,0,148,4,2,1
0,0,0,0,4,27,1,1
0,0,0,0,138,16,1,1
0,0,0,0,77,23,2,2
0,0,0,0,224,1,1,1
0,0,0,0,17,26,1,2
0,0,0,0,62,15,1,1
0,0,0,0,504,70,1,1
0,0,0,0,513,23,2,2
0,0,0,0,263,77,2,2
0,0,0,0,753,3,1,2
0,0,0,0,757,39,2,2
0,0,0,0,657,5,1,2
0,0,0,0,479,73,1,2
0,0,0,0,733,2,2,2
0,0,0,0,382,13,2,1
0,0,0,0,81,26,2,2
0,0,0,0,75,8,2,2
0,0,0,0,401,17,2,2
0,0,0,0,554,2,1,1
0,0,0,0,108,28,2,1
0,0,0,0,629,43,1,2
0,0,0,0,316,6,2,1
0,0,0,0,724,26,1,1
0,0,0,0,609,33,1,2
0,0,0,0,125,17,2,2
0,0,0,0,162,8,1,1
0,0,0,0,328,42,1,1
0,0,0,0,85,2,2,2
0,0,0,0,673,98,2,2
0,0,0,0,250,50,2,1
0,0,0,0,156,20,1,1
0,0,0,0,457,13,2,2
0,0,0,0,352,16,2,1
0,0,0,0,455,8,2,2
0,0,0,0,285,10,2,2
0,0,0,0,202,12,1,1
0,0,0,0,237,5,2,2
0,0,0,0,207,2,2,2
0,0,0,0,644,31,1,1
0,0,0,0,305,37,1,2
0,0,0,0,192,12,2,1
0,0,0,0,701,11,2,2
0,0,0,0,428,27,1,1
0,0,0,0,464,10,2,1
0,0,0,0,333,7,2,2
0,0,0,0,570,10,1,1
0,0,0,0,35,48,2,2
0,0,0,0,698,15,1,1
0,0,0,0,784,6,1,1
0,0,0,0,594,13,1,1
0,0,0,0,643,21,1,2
0,0,0,0,798,41,1,1
0,0,0,0,259,15,2,2
0,0,0,0,16,78,1,1
0,0,0,0,611,4,2,2
0,0,0,0,109,19,1,2
0,0,0,0,620,16,1,1
0,0,0,0,62,37,1,1
0,0,0,0,86,19,1,1
0,0,0,0,5,46,2,2
0,0,0,0,227,24,1,2
0,0,0,0,45,28,2,2
0,0,0,0,183,9,2,2
0,0,0,0,103,66,2,2
0,0,0,0,496,28,1,1
0,0,0,0,788,6,2,1
0,0,0,0,428,23,2,1
0,0,0,0,598,31,1,1
0,0,0,0,735,49,2,2
0,0,0,0,269,23,2,2
0,0,0,0,768,11,1,1
0,0,0,0,792,14,2,1
0,0,0,0,520,9,2,1
0,0,0,0,408,80,1,1
0,0,0,0,10,4,1,1
0,0,0,0,139,30,1,2
0,0,0,0,562,29,1,1
0,0,0,0,310,3,1,1
0,0,0,0,44,13,2,1
0,0,0,0,23,39,2,2
0,0,0,0,371,44,2,2
0,0,0,0,544,65,2,1
0,0,0,0,470,96,1,1
0,0,0,0,367,41,2,2
0,0,0,0,352,44,2,1
0,0,0,0,482,10,1,1
0,0,0,0,341,10,2,2
0,0,0,0,163,13,2,2
0,0,0,0,671,6,2,2
0,0,0,0,242,3,1,1
0,0,0,0,394,24,1,1
0,0,0,0,324,21,2,1
0,0,0,0,508,43,2,1
0,0,0,0,111,1,2,2
0,0,0,0,624,2,1,1
0,0,0,0,514,45,2,1
0,0,0,0,133,2,2,2
0,0,0,0,431,16,2,2
0,0,0,0,714,17,2,1
0,0,0,0,603,13,1,2
0,0,0,0,53,1,2,2
0,0,0,0,310,34,1,1
0,0,0,0,658,2,1,1
0,0,0,0,621,110,2,2
0,0,0,0,13,2,2,2
0,0,0,0,193,17,2,2
0,0,0,0,492,12,1,1
0,0,0,0,475,5,1,2
0,0,0,0,343,3,2,2
0,0,0,0,329,91,1,2
0,0,0,0,67,5,2,2
0,0,0,0,38,10,2,1
0,0,0,0,358,12,1,1
0,0,0,0,393,18,2,2
0,0,0,0,469,46,2,2
0,0,0,0,603,5,2,2
0,0,0,0,494,12,1,1
0,0,0,0,411,4,1,2
0,0,0,0,249,22,2,2
0,0,0,0,608,7,1,1
0,0,0,0,245,6,2,2
0,0,0,0,278,30,1,1
0,0,0,0,227,61,2,2
0,0,0,0,83,57,2,2
0,0,0,0,434,15,1,1
0,0,0,0,734,8,1,1
0,0,0,0,614,10,2,1
0,0,0,0,340,4,2,1
0,0,0,0,382,31,1,1
0,0,0,0,190,19,2,1
0,0,0,0,247,38,2,2
0,0,0,0,138,30,1,1
0,0,0,0,485,32,2,2
0,0,0,0,609,38,2,2
0,0,0,0,670,4,1,1
0,0,0,0,219,8,2,2
0,0,0,0,21,84,2,2
0,0,0,0,201,7,2,2
0,0,0,0,211,9,2,2
0,0,0,0,37,48,2,2
0,0,0,0,678,18,1,1
0,0,0,0,788,25,1,1
0,0,0,0,592,77,1,1
0,0,0,0,275,35,2,2
0,0,0,0,327,1,1,2
0,0,0,0,551,50,2,2
0,0,0,0,781,8,2,2
0,0,0,0,731,19,1,2
0,0,0,0,74,18,1,1
0,0,0,0,638,15,1,1
0,0,0,0,333,12,2,2
0,0,0,0,721,8,2,2
0,0,0,0,575,34,2,2
0,0,0,0,164,2,1,1
0,0,0,0,220,48,1,1
0,0,0,0,437,63,2,2
0,0,0,0,310,14,2,1
0,0,0,0,722,27,2,1
0,0,0,0,344,26,1,1
0,0,0,0,474,53,1,1
0,0,0,0,249,17,2,2
0,0,0,0,426,70,1,1
0,0,0,0,505,15,2,2
0,0,0,0,132,4,2,1
0,0,0,0,773,41,2,2
0,0,0,0,419,10,2,2
0,0,0,0,179,36,2,2
0,0,0,0,243,29,2,2
0,0,0,0,523,18,2,2
0,0,0,0,525,57,1,2
0,0,0,0,320,8,1,1
0,0,0,0,575,20,2,2
0,0,0,0,160,69,1,1
0,0,0,0,793,36,2,2
0,0,0,0,288,43,2,1
0,0,0,0,798,3,1,1
0,0,0,0,718,3,1,1
0,0,0,0,446,47,1,1
0,0,0,0,303,25,2,2
0,0,0,0,401,13,2,2
0,0,0,0,224,22,2,1
0,0,0,0,4,12,1,1
0,0,0,0,623,8,2,2
0,0,0,0,706,30,1,1
0,0,0,0,359,9,2,2
0,0,0,0,175,17,2,2
0,0,0,0,596,33,1,1
0,0,0,0,397,17,2,2
0,0,0,0,696,9,2,1
0,0,0,0,304,21,1,1
0,0,0,0,369,11,1,2
0,0,0,0,185,21,1,2
0,0,0,0,425,7,2,2
0,0,0,0,310,36,1,1
0,0,0,0,747,28,2,2
0,0,0,0,99,7,2,2
0,0,0,0,519,7,2,2
0,0,0,0,115,3,2,2
0,0,0,0,620,31,1,1
0,0,0,0,162,35,1,1
0,0,0,0,9,94,2,2
0,0,0,0,382,7,1,1
0,0,0,0,661,55,1,2
0,0,0,0,600,17,1,1
0,0,0,0,220,78,1,1
0,0,0,0,307,33,2,2
0,0,0,0,189,95,1,2
0,0,0,0,161,7,2,2
0,0,0,0,56,1,2,1
0,0,0,0,144,11,1,1
0,0,0,0,207,6,1,2
0,0,0,0,236,45,1,1
0,0,0,0,498,17,1,1
0,0,0,0,336,13,1,1
0,0,0,0,240,21,2,1
0,0,0,0,778,55,1,1
0,0,0,0,782,38,1,1
0,0,0,0,28,17,1,1
0,0,0,0,215,1,2,2
0,0,0,0,234,26,2,1
0,0,0,0,220,6,2,1
0,0,0,0,480,13,1,1
0,0,0,0,61,14,2,2
0,0,0,0,786,16,1,1
0,0,0,0,725,13,2,2
0,0,0,0,486,12,1,1
0,0,0,0,252,16,1,1
0,0,0,0,689,18,2,2
0,0,0,0,19,8,2,2
0,0,0,0,293,24,1,2
0,0,0,0,257,72,1,2
0,0,0,0,555,7,2,2
0,0,0,0,686,54,1,1
0,0,0,0,239,27,2,2
0,0,0,0,729,32,2,2
0,0,0,0,227,28,2,2
0,0,0,0,9,17,2,2
0,0,0,0,376,37,1,1
0,0,0,0,363,80,2,2
0,0,0,0,661,3,2,2
0,0,0,0,685,11,2,2
0,0,0,0,595,59,2,2
0,0,0,0,94,11,1,1
0,0,0,0,745,33,2,2
0,0,0,0,748,10,2,1
0,0,0,0,211,23,2,2
0,0,0,0,547,31,2,2
0,0,0,0,434,4,1,1
0,0,0,0,315,19,1,2
0,0,0,0,573,35,2,2
0,0,0,0,365,7,2,2
0,0,0,0,158,35,1,1
0,0,0,0,708,13,1,1
0,0,0,0,495,8,2,2
0,0,0,0,435,10,1,2
0,0,0,0,313,12,1,2
0,0,0,0,246,10,1,1
0,0,0,0,263,6,1,2
0,0,0,0,329,81,1,2
0,0,0,0,559,10,1,2
0,0,0,0,682,25,2,1
0,0,0,0,703,2,2,2
0,0,0,0,84,4,2,1
0,0,0,0,645,28,2,2
0,0,0,0,21,64,1,2
0,0,0,0,393,31,2,2
0,0,0,0,369,4,2,2
0,0,0,0,34,91,2,1
0,0,0,0,72,51,2,1
0,0,0,0,227,20,1,2
0,0,0,0,449,28,2,2
0,0,0,0,58,8,1,1
0,0,0,0,528,106,1,1
0,0,0,0,746,13,2,1
0,0,0,0,77,3,2,2
0,0,0,0,401,10,2,2
0,0,0,0,362,38,1,1
0,0,0,0,72,74,1,1
0,0,0,0,45,25,2,2
0,0,0,0,700,1,2,1
0,0,0,0,346,16,1,1
0,0,0,0,726,8,1,1
0,0,0,0,762,30,2,1
0,0,0,0,463,17,2,2
0,0,0,0,84,83,2,1
0,0,0,0,791,21,1,2
0,0,0,0,792,2,1,1
0,0,0,0,130,25,1,1
0,0,0,0,370,11,2,1
0,0,0,0,748,84,1,1
0,0,0,0,398,32,1,1
0,0,0,0,759,15,2,2
0,0,0,0,554,34,2,1
0,0,0,0,485,116,2,2
0,0,0,0,326,14,2,1
0,0,0,0,139,46,1,2
0,0,0,0,417,5,1,2
0,0,0,0,583,6,1,2
0,0,0,0,96,32,1,1
0,0,0,0,421,25,1,2
0,0,0,0,637,29,2,2
0,0,0,0,628,21,1,1
0,0,0,0,498,14,2,1
0,0,0,0,759,7,2,2
0,0,0,0,642,11,1,1
0,0,0,0,237,10,2,2
0,0,0,0,571,3,1,2
0,0,0,0,469,54,2,2
0,0,0,0,750,1,2,1
0,0,0,0,523,45,1,2
0,0,0,0,779,3,2,2
0,0,0,0,697,40,2,2
0,0,0,0,705,8,2,2
0,0,0,0,326,44,1,1
0,0,0,0,426,3,1,1
0,0,0,0,353,3,1,2
0,0,0,0,514,3,1,1
0,0,0,0,562,26,1,1
0,0,0,0,302,24,1,1
0,0,0,0,734,56,2,1
0,0,0,0,28,42,2,1
0,0,0,0,597,36,2,2
0,0,0,0,549,39,2,2
0,0,0,0,15,3,2,2
0,0,0,0,239,28,2,2
0,0,0,0,260,33,2,1
0,0,0,0,313,10,2,2
0,0,0,0,459,59,2,2
0,0,0,0,670,18,1,1
0,0,0,0,369,2,2,2
0,0,0,0,434,34,1,1
0,0,0,0,482,30,1,1
0,0,0,0,528,29,1,1
0,0,0,0,732,19,1,1
0,0,0,0,35,16,2,2
0,0,0,0,694,1,2,1
0,0,0,0,574,9,1,1
0,0,0,0,307,21,2,2
0,0,0,0,243,72,2,2
0,0,0,0,581,23,1,2
0,0,0,0,624,9,1,1
0,0,0,0,632,9,1,1
0,0,0,0,234,6,1,1
0,0,0,0,149,10,2,2
0,0,0,0,168,24,1,1
0,0,0,0,309,30,2,2
0,0,0,0,144,2,1,1
0,0,0,0,577,21,2,2
0,0,0,0,63,2,2,2
0,0,0,0,656,94,2,1
0,0,0,0,133,7,2,2
0,0,0,0,489,36,2,2
0,0,0,0,322,2,1,1
0,0,0,0,52,31,1,1
0,0,0,0,247,19,1,2
0,0,0,0,626,20,1,1
0,0,0,0,507,38,2,2
0,0,0,0,409,28,1,2
0,0,0,0,640,25,1,1
0,0,0,0,510,14,2,1
0,0,0,0,458,51,1,1
0,0,0,0,719,15,2,2
0,0,0,0,446,15,2,1
0,0,0,0,582,16,1,1
0,0,0,0,798,48,1,1
0,0,0,0,613,59,2,2
0,0,0,0,42,37,1,1
0,0,0,0,214,1,2,1
0,0,0,0,146,29,1,1
0,0,0,0,753,48,2,2
0,0,0,0,232,12,2,1
0,0,0,0,334,23,1,1
0,0,0,0,552,1,1,1
0,0,0,0,46,2,2,1
0,0,0,0,777,47,2,2
0,0,0,0,297,13,1,2
0,0,0,0,343,17,1,2
0,0,0,0,530,33,1,1
0,0,0,0,605,61,1,2
0,0,0,0,387,20,2,2
0,0,0,0,113,10,1,2
0,0,0,0,3,46,1,2
0,0,0,0,176,86,1,1
0,0,0,0,255,24,2,2
0,0,0,0,318,45,2,1
0,0,0,0,636,1,1,1
0,0,0,0,666,14,2,1
0,0,0,0,462,17,1,1
0,0,0,0,242,18,2,1
0,0,0,0,63,9,1,2
0,0,0,0,117,5,2,2
0,0,0,0,43,9,1,2
0,0,0,0,127,33,1,2
0,0,0,0,799,41,2,2
0,0,0,0,659,14,2,2
0,0,0,0,81,9,1,2
0,0,0,0,432,20,2,1
0,0,0,0,333,23,2,2
0,0,0,0,125,48,2,2
0,0,0,0,682,6,2,1
0,0,0,0,402,4,1,1
0,0,0,0,708,19,1,1
0,0,0,0,259,8,2,2
0,0,0,0,507,3,2,2
0,0,0,0,522,6,1,1
0,0,0,0,29,2,2,2
0,0,0,0,719,51,2,2
0,0,0,0,442,23,1,1
0,0,0,0,741,46,1,2
0,0,0,0,208,22,2,1
0,0,0,0,680,2,1,1
0,0,0,0,720,11,1,1
0,0,0,0,762,12,1,1
0,0,0,0,640,1,2,1
0,0,0,0,590,51,1,1
0,0,0,0,540,37,1,1
0,0,0,0,252,30,1,1
0,0,0,0,397,11,2,2
0,0,0,0,661,58,1,2
0,0,0,0,338,1,1,1
0,0,0,0,201,5,2,2
0,0,0,0,282,19,2,1
0,0,0,0,346,60,1,1
0,0,0,0,138,20,1,1
0,0,0,0,298,39,1,1
0,0,0,0,206,14,1,1
0,0,0,0,194,5,1,1
0,0,0,0,764,16,1,1
0,0,0,0,534,11,1,1
0,0,0,0,394,14,2,1
0,0,0,0,14,28,1,1
0,0,0,0,509,63,2,2
0,0,0,0,298,2,1,1
0,0,0,0,568,20,1,1
0,0,0,0,462,13,2,1
0,0,0,0,766,25,1,1
0,0,0,0,576,26,1,1
0,0,0,0,400,10,1,1
0,0,0,0,690,72,1,1
0,0,0,0,32,59,1,1
0,0,0,0,704,24,1,1
0,0,0,0,345,28,2,2
0,0,0,0,213,4,1,2
0,0,0,0,794,34,2,1
0,0,0,0,761,2,2,2
0,0,0,0,111,25,1,2
0,0,0,0,780,41,1,1
0,0,0,0,209,5,1,2
0,0,0,0,691,31,2,2
0,0,0,0,168,17,1,1
0,0,0,0,768,3,1,1
0,0,0,0,409,8,2,2
0,0,0,0,256,35,1,1
0,0,0,0,434,10,1,1
0,0,0,0,275,10,2,2
0,0,0,0,37,11,1,2
0,0,0,0,22,12,1,1
0,0,0,0,743,17,2,2
0,0,0,0,13,31,2,2
0,0,0,0,339,13,2,2
0,0,0,0,709,72,2,2
0,0,0,0,775,6,2,2
0,0,0,0,684,12,1,1
0,0,0,0,175,40,1,2
0,0,0,0,758,2,2,1
0,0,0,0,6,10,1,1
0,0,0,0,438,13,1,1
0,0,0,0,284,51,1,1
0,0,0,0,176,13,1,1
0,0,0,0,1,69,2,2
0,0,0,0,625,23,1,2
0,0,0,0,415,42,1,2
0,0,0,0,86,15,2,1
0,0,0,0,287,41,2,2
0,0,0,0,272,45,1,1
0,0,0,0,255,11,2,2
0,0,0,0,414,9,1,1
0,0,0,0,78,12,1,1
0,0,0,0,41,5,1,2
0,0,0,0,687,63,2,2
0,0,0,0,140,40,2,1
0,0,0,0,321,25,1,2
0,0,0,0,425,1,1,2
0,0,0,0,635,27,2,2
0,0,0,0,428,42,2,1
0,0,0,0,352,42,1,1
0,0,0,0,655,4,2,2
0,0,0,0,643,25,1,2
0,0,0,0,539,27,2,2
0,0,0,0,309,29,2,2
0,0,0,0,544,24,1,1
0,0,0,0,681,24,2,2
0,0,0,0,279,46,2,2
0,0,0,0,65,102,2,2
0,0,0,0,317,89,1,2
0,0,0,0,768,8,1,1
0,0,0,0,97,28,1,2
0,0,0,0,529,16,2,2
0,0,0,0,195,22,2,2
0,0,0,0,240,5,1,1
0,0,0,0,57,18,2,2
0,0,0,0,460,38,1,1
0,0,0,0,684,21,2,1
0,0,0,0,747,43,2,2
0,0,0,0,1,32,2,2
0,0,0,0,199,19,1,2
0,0,0,0,330,2,1,1
0,0,0,0,494,46,1,1
0,0,0,0,112,6,2,1
0,0,0,0,603,17,2,2
0,0,0,0,182,33,1,1
0,0,0,0,562,11,1,1
0,0,0,0,38,36,2,1
0,0,0,0,515,3,2,2
0,0,0,0,593,17,1,2
0,0,0,0,447,47,1,2
0,0,0,0,570,13,1,1
0,0,0,0,737,22,2,2
0,0,0,0,39,18,2,2
0,0,0,0,397,32,2,2
0,0,0,0,221,63,1,2
0,0,0,0,691,10,1,2
0,0,0,0,66,9,1,1
0,0,0,0,749,8,2,2
0,0,0,0,704,84,1,1
0,0,0,0,502,7,1,1
0,0,0,0,216,20,1,1
0,0,0,0,243,16,2,2
0,0,0,0,204,7,1,1
0,0,0,0,105,54,1,2
0,0,0,0,715,49,2,2
0,0,0,0,484,3,1,1
0,0,0,0,272,15,1,1
0,0,0,0,562,3,2,1
0,0,0,0,739,3,2,2
0,0,0,0,21,5,2,2
0,0,0,0,145,12,2,2
0,0,0,0,88,7,1,1
0,0,0,0,359,2,1,2
0,0,0,0,234,22,1,1
0,0,0,0,680,1,1,1
0,0,0,0,546,7,1,1
0,0,0,0,200,9,2,1
0,0,0,0,212,13,2,1
0,0,0,0,357,7,2,2
0,0,0,0,26,53,1,1
0,0,0,0,462,25,1,1
0,0,0,0,182,18,1,1
0,0,0,0,31,1,2,2
0,0,0,0,484,1,2,1
0,0,0,0,469,39,1,2
0,0,0,0,728,7,1,1
0,0,0,0,432,1,2,1
0,0,0,0,442,34,1,1
0,0,0,0,325,3,2,2
0,0,0,0,575,4,1,2
0,0,0,0,590,55,1,1
0,0,0,0,343,29,2,2
0,0,0,0,572,10,2,1
0,0,0,0,299,39,2,2
0,0,0,0,349,37,2,2
0,0,0,0,485,2,1,2
0,0,0,0,797,3,2,2
0,0,0,0,377,47,2,2
0,0,0,0,693,47,1,2
0,0,0,0,157,23,2,2
0,0,0,0,468,14,1,1
0,0,0,0,741,27,1,2
0,0,0,0,559,2,2,2
0,0,0,0,269,19,2,2
0,0,0,0,20,11,1,1
0,0,0,0,574,49,2,1
0,0,0,0,174,26,1,1
0,0,0,0,80,8,1,1
0,0,0,0,76,44,2,1
0,0,0,0,712,2,1,1
0,0,0,0,616,63,1,1
0,0,0,0,222,22,1,1
0,0,0,0,350,34,1,1
0,0,0,0,759,41,2,2
0,0,0,0,351,10,2,2
0,0,0,0,110,97,1,1
0,0,0,0,396,33,2,1
0,0,0,0,677,37,1,2
0,0,0,0,702,13,2,1
0,0,0,0,476,23,1,1
0,0,0,0,231,8,2,2
0,0,0,0,610,24,1,1
0,0,0,0,33,27,1,2
0,0,0,0,440,16,1,1
0,0,0,0,11,1,2,2
0,0,0,0,289,57,2,2
0,0,0,0,622,13,1,1
0,0,0,0,563,23,1,2
0,0,0,0,146,37,1,1
0,0,0,0,538,27,1,1
0,0,0,0,749,28,2,2
0,0,0,0,377,1,1,2
0,0,0,0,404,11,2,1
0,0,0,0,286,3,1,1
0,0,0,0,199,9,2,2
0,0,0,0,429,14,1,2
0,0,0,0,418,3,1,1
0,0,0,0,439,4,1,2
0,0,0,0,38,6,1,1
0,0,0,0,614,12,2,1
0,0,0,0,511,21,1,2
0,0,0,0,534,105,1,1
0,0,0,0,104,11,2,1
0,0,0,0,45,37,2,2
0,0,0,0,207,8,2,2
0,0,0,0,332,19,1,1
0,0,0,0,774,85,1,1
0,0,0,0,770,12,1,1
0,0,0,0,261,30,2,2
0,0,0,0,763,10,2,2
0,0,0,0,324,26,1,1
0,0,0,0,389,21,1,2
0,0,0,0,675,14,2,2
0,0,0,0,288,30,2,1
0,0,0,0,385,2,2,2
0,0,0,0,661,14,2,2
0,0,0,0,306,11,1,1
0,0,0,0,269,43,1,2
0,0,0,0,339,39,2,2
0,0,0,0,499,18,2,2
0,0,0,0,135,8,2,2
0,0,0,0,108,85,1,1
0,0,0,0,377,22,1,2
0,0,0,0,601,26,2,2
0,0,0,0,33,12,1,2
0,0,0,0,3,34,1,2
0,0,0,0,208,3,1,1
0,0,0,0,650,26,1,1
0,0,0,0,780,26,1,1
0,0,0,0,543,28,2,2
0,0,0,0,794,8,1,1
0,0,0,0,614,14,1,1
0,0,0,0,356,13,2,1
0,0,0,0,636,4,2,1
0,0,0,0,537,21,1,2
0,0,0,0,688,4,1,1
0,0,0,0,509,24,2,2
0,0,0,0,80,87,1,1
0,0,0,0,54,16,1,1
0,0,0,0,648,30,1,1
0,0,0,0,150,34,1,1
0,0,0,0,167,26,2,2
0,0,0,0,600,5,1,1
0,0,0,0,665,27,1,2
0,0,0,0,231,5,2,2
0,0,0,0,467,36,2,2
0,0,0,0,134,19,2,1
0,0,0,0,507,8,2,2
0,0,0,0,242,84,1,1
0,0,0,0,633,3,2,2
0,0,0,0,7,7,2,2
0,0,0,0,87,7,2,2
0,0,0,0,672,1,2,1
0,0,0,0,566,6,1,1
0,0,0,0,92,1,2,1
0,0,0,0,799,20,1,2
0,0,0,0,180,9,1,1
0,0,0,0,678,38,1,1
0,0,0,0,172,70,1,1
0,0,0,0,548,14,2,1
0,0,0,0,468,8,1,1
0,0,0,0,764,5,2,1
0,0,0,0,299,4,2,2
0,0,0,0,22,1,1,1
0,0,0,0,420,13,1,1
0,0,0,0,70,41,1,1
0,0,0,0,547,4,2,2
0,0,0,0,290,54,1,1
0,0,0,0,664,7,1,1
0,0,0,0,564,2,1,1
0,0,0,0,370,39,1,1
0,0,0,0,198,3,1,1
0,0,0,0,8,8,1,1
0,0,0,0,245,69,2,2
0,0,0,0,84,25,1,1
0,0,0,0,182,30,2,1
0,0,0,0,616,2,1,1
0,0,0,0,526,5,1,1
0,0,0,0,119,25,1,2
0,0,0,0,283,35,1,2
0,0,0,0,674,23,1,1
0,0,0,0,517,22,1,2
0,0,0,0,172,32,1,1
0,0,0,0,414,23,1,1
0,0,0,0,223,10,2,2
0,0,0,0,435,21,1,2
0,0,0,0,503,22,1,2
0,0,0,0,610,7,1,1
0,0,0,0,26,7,1,1
0,0,0,0,355,13,1,2
0,0,0,0,624,19,2,1
0,0,0,0,209,4,1,2
0,0,0,0,356,63,1,1
0,0,0,0,594,46,2,1
0,0,0,0,542,1,2,1
0,0,0,0,195,48,2,2
0,0,0,0,186,47,2,1
0,0,0,0,534,36,1,1
0,0,0,0,665,3,2,2
0,0,0,0,758,33,1,1
0,0,0,0,308,24,1,1
0,0,0,0,240,36,1,1
0,0,0,0,177,20,1,2
0,0,0,0,251,3,2,2
0,0,0,0,739,29,2,2
0,0,0,0,36,22,2,1
0,0,0,0,255,6,2,2
0,0,0,0,20,51,1,1
0,0,0,0,48,24,1,1
0,0,0,0,78,24,1,1
0,0,0,0,783,46,2,2
0,0,0,0,721,14,1,2
0,0,0,0,703,34,2,2
0,0,0,0,565,6,2,2
0,0,0,0,276,1,1,1
0,0,0,0,318,18,1,1
0,0,0,0,156,1,1,1
0,0,0,0,609,17,1,2
0,0,0,0,783,3,1,2
0,0,0,0,452,9,2,1
0,0,0,0,643,1,2,2
0,0,0,0,314,19,1,1
0,0,0,0,578,99,1,1
0,0,0,0,540,2,1,1
0,0,0,0,482,22,1,1
0,0,0,0,202,24,1,1
0,0,0,0,57,9,1,2
0,0,0,0,422,41,1,1
0,0,0,0,677,8,2,2
0,0,0,0,138,3,1,1
0,0,0,0,420,6,2,1
0,0,0,0,238,23,2,1
0,0,0,0,354,57,1,1
0,0,0,0,68,8,1,1
0,0,0,0,50,3,1,1
0,0,0,0,292,2,1,1
0,0,0,0,112,3,1,1
0,0,0,0,739,5,2,2
0,0,0,0,706,19,1,1
0,0,0,0,38,7,1,1
0,0,0,0,642,1,2,1
0,0,0,0,309,16,2,2
0,0,0,0,121,26,2,2
0,0,0,0,326,12,2,1
0,0,0,0,570,37,1,1
0,0,0,0,669,1,1,2
0,0,0,0,308,30,1,1
0,0,0,0,377,14,2,2
0,0,0,0,572,1,1,1
0,0,0,0,325,18,2,2
0,0,0,0,64,17,1,1
0,0,0,0,672,16,1,1
0,0,0,0,469,25,2,2
0,0,0,0,161,2,2,2
0,0,0,0,62,16,1,1
0,0,0,0,732,70,1,1
0,0,0,0,449,50,2,2
0,0,0,0,636,60,1,1
0,0,0,0,301,17,2,2
0,0,0,0,437,69,2,2
0,0,0,0,342,56,1,1
0,0,0,0,92,25,1,1
0,0,0,0,216,1,2,1
0,0,0,0,501,34,2,2
0,0,0,0,165,18,2,2
0,0,0,0,416,8,1,1
0,0,0,0,625,8,2,2
0,0,0,0,700,10,2,1
0,0,0,0,785,42,2,2
0,0,0,0,47,19,2,2
0,0,0,0,543,9,2,2
0,0,0,0,301,52,1,2
0,0,0,0,411,54,2,2
0,0,0,0,288,36,1,1
0,0,0,0,659,11,2,2
0,0,0,0,423,61,1,2
0,0,0,0,130,30,1,1
0,0,0,0,789,19,2,2
0,0,0,0,470,35,1,1
0,0,0,0,536,19,1,1
0,0,0,0,102,31,1,1
0,0,0,0,584,9,1,1
0,0,0,0,590,29,1,1
0,0,0,0,283,64,2,2
0,0,0,0,442,60,1,1
0,0,0,0,697,46,2,2
0,0,0,0,545,10,2,2
0,0,0,0,415,1,2,2
0,0,0,0,121,14,2,2
0,0,0,0,146,59,1,1
0,0,0,0,39,20,2,2
0,0,0,0,175,1,2,2
0,0,0,0,150,1,1,1
0,0,0,0,149,29,1,2
0,0,0,0,191,8,2,2
0,0,0,0,420,21,1,1
0,0,0,0,713,44,2,2
0,0,0,0,52,2,1,1
0,0,0,0,64,7,1,1
0,0,0,0,174,40,1,1
0,0,0,0,374,2,1,1
0,0,0,0,386,29,1,1
0,0,0,0,368,9,1,1
0,0,0,0,358,3,2,1
0,0,0,0,121,1,1,2
0,0,0,0,784,9,1,1
0,0,0,0,617,16,2,2
0,0,0,0,689,16,2,2
0,0,0,0,556,29,1,1
0,0,0,0,333,19,2,2
0,0,0,0,687,20,2,2
0,0,0,0,487,10,1,2
0,0,0,0,353,84,2,2
0,0,0,0,43,23,1,2
0,0,0,0,634,13,1,1
0,0,0,0,66,4,2,1
0,0,0,0,91,5,2,2
0,0,0,0,120,4,1,1
0,0,0,0,591,22,2,2
0,0,0,0,148,6,2,1
0,0,0,0,150,22,1,1
0,0,0,0,674,38,1,1
0,0,0,0,305,22,2,2
0,0,0,0,175,10,2,2
0,0,0,0,505,9,1,2
0,0,0,0,581,12,1,2
0,0,0,0,150,3,1,1
0,0,0,0,193,14,2,2
0,0,0,0,225,3,2,2
0,0,0,0,105,8,2,2
0,0,0,0,369,33,1,2
0,0,0,0,237,1,2,2
0,0,0,0,507,10,2,2
0,0,0,0,706,15,1,1
0,0,0,0,743,2,2,2
0,0,0,0,21,6,2,2
0,0,0,0,549,3,1,2
0,0,0,0,37,23,2,2
0,0,0,0,187,15,2,2
0,0,0,0,445,32,2,2
0,0,0,0,548,2,1,1
0,0,0,0,475,33,1,2
0,0,0,0,540,26,1,1
0,0,0,0,769,4,1,2
0,0,0,0,779,39,1,2
0,0,0,0,682,20,1,1
0,0,0,0,383,17,2,2
0,0,0,0,698,35,2,1
0,0,0,0,157,4,1,2
0,0,0,0,503,55,1,2
0,0,0,0,558,45,2,1
0,0,0,0,55,2,2,2
0,0,0,0,397,9,1,2
0,0,0,0,615,18,1,2
0,0,0,0,613,1,2,2
0,0,0,0,527,5,2,2
0,0,0,0,285,19,2,2
0,0,0,0,713,12,1,2
0,0,0,0,202,17,1,1
0,0,0,0,47,18,2,2
0,0,0,0,360,11,1,1
0,0,0,0,340,10,2,1
0,0,0,0,72,7,1,1
0,0,0,0,58,11,1,1
0,0,0,0,520,36,1,1
0,0,0,0,48,27,1,1
0,0,0,0,96,4,1,1
0,0,0,0,680,31,2,1
0,0,0,0,512,37,2,1
0,0,0,0,152,3,1,1
0,0,0,0,381,5,1,2
0,0,0,0,614,56,2,1
0,0,0,0,381,57,2,2
0,0,0,0,460,119,1,1
0,0,0,0,602,20,2,1
0,0,0,0,692,9,2,1
0,0,0,0,191,23,1,2
0,0,0,0,206,12,2,1
0,0,0,0,570,5,1,1
0,0,0,0,641,14,2,2
0,0,0,0,13,7,2,2
0,0,0,0,352,10,2,1
0,0,0,0,168,26,2,1
0,0,0,0,375,18,2,2
0,0,0,0,625,21,2,2
0,0,0,0,21,3,2,2
0,0,0,0,218,38,1,1
0,0,0,0,646,20,2,1
0,0,0,0,531,4,2,2
0,0,0,0,732,10,1,1
0,0,0,0,750,9,2,1
0,0,0,0,735,45,2,2
0,0,0,0,406,11,1,1
0,0,0,0,119,98,1,2
0,0,0,0,396,74,1,1
0,0,0,0,608,31,1,1
0,0,0,0,233,21,1,2
0,0,0,0,685,33,2,2
0,0,0,0,722,4,2,1
0,0,0,0,644,24,1,1
0,0,0,0,409,79,2,2
0,0,0,0,733,104,2,2
0,0,0,0,101,34,1,2
0,0,0,0,280,19,1,1
0,0,0,0,110,20,1,1
0,0,0,0,579,24,2,2
0,0,0,0,455,66,2,2
0,0,0,0,477,22,1,2
0,0,0,0,68,18,1,1
0,0,0,0,137,43,2,2
0,0,0,0,308,61,2,1
0,0,0,0,542,7,1,1
0,0,0,0,763,2,2,2
0,0,0,0,789,23,1,2
0,0,0,0,640,15,1,1
0,0,0,0,141,18,2,2
0,0,0,0,46,9,2,1
0,0,0,0,130,16,1,1
0,0,0,0,35,28,2,2
0,0,0,0,735,12,2,2
0,0,0,0,171,36,2,2
0,0,0,0,751,11,2,2
0,0,0,0,598,28,1,1
0,0,0,0,112,60,2,1
0,0,0,0,48,25,1,1
0,0,0,0,161,1,1,2
0,0,0,0,440,7,1,1
0,0,0,0,448,1,2,1
0,0,0,0,376,7,1,1
0,0,0,0,406,19,1,1
0,0,0,0,724,40,2,1
0,0,0,0,295,62,2,2
0,0,0,0,642,100,2,1
0,0,0,0,655,23,1,2
0,0,0,0,376,9,1,1
0,0,0,0,73,2,1,2
0,0,0,0,295,24,2,2
0,0,0,0,380,1,2,1
0,0,0,0,740,11,1,1
0,0,0,0,394,12,1,1
0,0,0,0,209,1,1,2
0,0,0,0,451,4,1,2
0,0,0,0,529,26,2,2
0,0,0,0,640,24,1,1
0,0,0,0,255,32,2,2
0,0,0,0,374,15,1,1
0,0,0,0,396,39,1,1
0,0,0,0,587,40,1,2
0,0,0,0,432,23,2,1
0,0,0,0,215,36,2,2
0,0,0,0,52,3,2,1
0,0,0,0,307,20,1,2
0,0,0,0,226,9,2,1
0,0,0,0,536,4,1,1
0,0,0,0,266,2,2,1
0,0,0,0,598,7,2,1
0,0,0,0,112,45,2,1
0,0,0,0,496,15,2,1
0,0,0,0,291,29,2,2
0,0,0,0,248,10,2,1
0,0,0,0,249,26,2,2
0,0,0,0,554,40,1,1
0,0,0,0,443,26,2,2
0,0,0,0,266,26,2,1
0,0,0,0,684,2,1,1
0,0,0,0,676,65,1,1
0,0,0,0,435,47,1,2
0,0,0,0,186,28,1,1
0,0,0,0,277,28,1,2
0,0,0,0,408,5,1,1
0,0,0,0,521,1,1,2
0,0,0,0,1,26,2,2
0,0,0,0,574,12,1,1
0,0,0,0,678,37,2,1
0,0,0,0,134,34,2,1
0,0,0,0,219,13,1,2
0,0,0,0,442,8,2,1
0,0,0,0,789,16,2,2
0,0,0,0,238,20,1,1
0,0,0,0,30,19,1,1
0,0,0,0,415,71,2,2
0,0,0,0,401,6,1,2
0,0,0,0,603,82,2,2
0,0,0,0,600,13,2,1
0,0,0,0,567,24,2,2
0,0,0,0,2,14,2,1
0,0,0,0,550,37,1,1
0,0,0,0,150,38,1,1
0,0,0,0,67,6,1,2
0,0,0,0,81,49,2,2
0,0,0,0,709,55,2,2
0,0,0,0,515,74,2,2
0,0,0,0,487,14,1,2
0,0,0,0,677,7,2,2
0,0,0,0,368,57,1,1
0,0,0,0,423,24,2,2
0,0,0,0,559,3,2,2
0,0,0,0,567,49,2,2
0,0,0,0,765,28,2,2
0,0,0,0,749,56,1,2
0,0,0,0,546,53,1,1
0,0,0,0,631,6,1,2
0,0,0,0,636,31,1,1
0,0,0,0,156,29,1,1
0,0,0,0,380,19,1,1
0,0,0,0,633,29,2,2
0,0,0,0,508,5,1,1
0,0,0,0,35,32,2,2
0,0,0,0,565,20,2,2
0,0,0,0,665,32,2,2
0,0,0,0,420,11,2,1
0,0,0,0,576,23,2,1
0,0,0,0,622,15,1,1
0,0,0,0,84,9,2,1
0,0,0,0,81,32,2,2
0,0,0,0,401,7,2,2
0,0,0,0,574,13,2,1
0,0,0,0,226,16,1,1
0,0,0,0,792,1,1,1
0,0,0,0,631,2,2,2
0,0,0,0,91,12,1,2
0,0,0,0,726,46,1,1
0,0,0,0,385,56,1,2
0,0,0,0,321,12,1,2
0,0,0,0,377,13,2,2
0,0,0,0,519,3,2,2
0,0,0,0,298,60,1,1
0,0,0,0,642,8,1,1
0,0,0,0,388,14,2,1
0,0,0,0,701,19,2,2
0,0,0,0,87,44,1,2
0,0,0,0,448,94,2,1
0,0,0,0,764,40,1,1
0,0,0,0,123,2,1,2
0,0,0,0,93,50,2,2
0,0,0,0,433,3,1,2
0,0,0,0,190,39,2,1
0,0,0,0,449,57,2,2
0,0,0,0,569,38,2,2
0,0,0,0,62,48,1,1
0,0,0,0,606,64,1,1
0,0,0,0,299,119,2,2
0,0,0,0,382,39,1,1
0,0,0,0,135,7,2,2
0,0,0,0,413,22,2,2
0,0,0,0,264,11,1,1
0,0,0,0,82,23,1,1
0,0,0,0,630,21,1,1
0,0,0,0,438,52,1,1
0,0,0,0,514,29,2,1
0,0,0,0,2,8,1,1
0,0,0,0,137,12,1,2
0,0,0,0,721,26,2,2
0,0,0,0,23,6,2,2
0,0,0,0,114,8,1,1
0,0,0,0,258,26,1,1
0,0,0,0,636,23,2,1
0,0,0,0,714,28,1,1
0,0,0,0,205,38,2,2
0,0,0,0,217,4,2,2
0,0,0,0,59,52,1,2
0,0,0,0,125,45,2,2
0,0,0,0,247,70,2,2
0,0,0,0,577,9,1,2
0,0,0,0,653,9,2,2
0,0,0,0,404,22,2,1
0,0,0,0,388,8,1,1
0,0,0,0,581,31,2,2
0,0,0,0,714,41,1,1
0,0,0,0,516,1,1,1
0,0,0,0,438,4,2,1
0,0,0,0,266,71,1,1
0,0,0,0,694,39,2,1
0,0,0,0,417,10,2,2
0,0,0,0,275,37,2,2
0,0,0,0,22,29,1,1
0,0,0,0,333,78,2,2
0,0,0,0,643,15,2,2
0,0,0,0,435,14,1,2
0,0,0,0,92,15,2,1
0,0,0,0,274,15,1,1
0,0,0,0,409,21,2,2
0,0,0,0,438,19,1,1
0,0,0,0,217,2,2,2
0,0,0,0,781,21,2,2
0,0,0,0,542,6,2,1
0,0,0,0,294,3,2,1
0,0,0,0,149,8,2,2
0,0,0,0,349,32,2,2
0,0,0,0,443,15,2,2
0,0,0,0,597,26,2,2
0,0,0,0,584,56,1,1
0,0,0,0,515,5,1,2
0,0,0,0,650,25,1,1
0,0,0,0,203,68,1,2
0,0,0,0,131,46,1,2
0,0,0,0,601,12,2,2
0,0,0,0,212,2,1,1
0,0,0,0,264,2,1,1
0,0,0,0,112,10,2,1
0,0,0,0,513,15,2,2
0,0,0,0,193,7,2,2
0,0,0,0,386,17,1,1
0,0,0,0,9,2,2,2
0,0,0,0,617,35,1,2
0,0,0,0,294,33,2,1
0,0,0,0,273,10,2,2
0,0,0,0,521,43,2,2
0,0,0,0,727,44,2,2
0,0,0,0,734,1,1,1
0,0,0,0,4,40,2,1
0,0,0,0,49,1,2,2
0,0,0,0,498,20,2,1
0,0,0,0,541,10,2,2
0,0,0,0,766,4,2,1
0,0,0,0,5,49,2,2
0,0,0,0,2,9,2,1
0,0,0,0,334,4,2,1
0,0,0,0,649,23,2,2
0,0,0,0,264,12,2,1
0,0,0,0,685,19,2,2
0,0,0,0,58,32,1,1
0,0,0,0,161,13,1,2
0,0,0,0,775,2,2,2
0,0,0,0,618,10,1,1
0,0,0,0,472,1,2,1
0,0,0,0,307,4,1,2
0,0,0,0,612,7,1,1
0,0,0,0,470,8,1,1
0,0,0,0,92,10,1,1
0,0,0,0,522,15,1,1
0,0,0,0,183,23,1,2
0,0,0,0,782,13,1,1
0,0,0,0,163,119,1,2
0,0,0,0,684,26,1,1
0,0,0,0,617,13,2,2
0,0,0,0,555,20,1,2
0,0,0,0,648,3,1,1
0,0,0,0,631,3,1,2
0,0,0,0,613,26,2,2
0,0,0,0,778,42,2,1
0,0,0,0,500,3,1,1
0,0,0,0,17,8,2,2
0,0,0,0,731,8,2,2
0,0,0,0,4,44,2,1
0,0,0,0,539,25,2,2
0,0,0,0,569,5,1,2
0,0,0,0,134,57,1,1
0,0,0,0,744,14,2,1
0,0,0,0,593,37,1,2
0,0,0,0,535,19,1,2
0,0,0,0,532,42,2,1
0,0,0,0,545,5,1,2
0,0,0,0,570,14,2,1
0,0,0,0,268,1,1,1
0,0,0,0,296,5,2,1
0,0,0,0,561,30,2,2
0,0,0,0,514,36,1,1
0,0,0,0,34,36,1,1
0,0,0,0,472,10,1,1
0,0,0,0,144,23,1,1
0,0,0,0,319,45,2,2
0,0,0,0,28,12,1,1
0,0,0,0,304,45,1,1
0,0,0,0,257,96,1,2
0,0,0,0,425,19,2,2
0,0,0,0,218,41,1,1
0,0,0,0,762,103,1,1
0,0,0,0,345,21,1,2
0,0,0,0,215,14,2,2
0,0,0,0,572,11,2,1
0,0,0,0,529,10,2,2
0,0,0,0,319,31,2,2
0,0,0,0,236,52,2,1
0,0,0,0,59,22,2,2
0,0,0,0,44,2,1,1
0,0,0,0,759,4,2,2
0,0,0,0,750,15,1,1
0,0,0,0,557,39,2,2
0,0,0,0,726,38,1,1
0,0,0,0,78,5,1,1
0,0,0,0,748,5,1,1
0,0,0,0,683,5,1,2
0,0,0,0,361,4,1,2
0,0,0,0,718,25,1,1
0,0,0,0,429,16,2,2
0,0,0,0,299,16,2,2
0,0,0,0,142,45,1,1
0,0,0,0,101,7,2,2
0,0,0,0,226,4,1,1
0,0,0,0,61,25,2,2
0,0,0,0,480,5,1,1
0,0,0,0,432,6,2,1
0,0,0,0,310,42,1,1
0,0,0,0,295,19,2,2
0,0,0,0,316,16,1,1
0,0,0,0,357,4,1,2
0,0,0,0,315,6,2,2
0,0,0,0,132,31,1,1
0,0,0,0,128,66,2,1
0,0,0,0,262,82,2,1
0,0,0,0,439,31,2,2
0,0,0,0,287,9,2,2
0,0,0,0,109,2,2,2
0,0,0,0,508,62,2,1
0,0,0,0,547,26,2,2
0,0,0,0,268,57,1,1
0,0,0,0,397,39,2,2
0,0,0,0,348,9,2,1
0,0,0,0,516,39,1,1
0,0,0,0,220,61,1,1
0,0,0,0,724,11,1,1
0,0,0,0,163,12,2,2
0,0,0,0,264,14,1,1
0,0,0,0,2,16,1,1
0,0,0,0,592,40,1,1
0,0,0,0,790,9,2,1
0,0,0,0,412,4,2,1
0,0,0,0,551,8,2,2
0,0,0,0,366,21,1,1
0,0,0,0,71,25,2,2
0,0,0,0,318,26,1,1
0,0,0,0,611,2,2,2
0,0,0,0,569,15,2,2
0,0,0,0,67,23,2,2
0,0,0,0,121,17,2,2
0,0,0,0,204,10,1,1
0,0,0,0,71,36,1,2
0,0,0,0,78,10,1,1
0,0,0,0,389,9,2,2
0,0,0,0,513,9,2,2
0,0,0,0,758,29,1,1
0,0,0,0,143,29,2,2
0,0,0,0,498,25,2,1
0,0,0,0,55,3,2,2
0,0,0,0,224,74,1,1
0,0,0,0,699,13,2,2
0,0,0,0,140,2,1,1
0,0,0,0,352,1,2,1
0,0,0,0,474,6,2,1
0,0,0,0,609,10,1,2
0,0,0,0,774,19,1,1
0,0,0,0,465,13,2,2
0,0,0,0,155,14,1,2
0,0,0,0,770,4,1,1
0,0,0,0,57,56,1,2
0,0,0,0,196,28,2,1
0,0,0,0,524,65,1,1
0,0,0,0,391,5,2,2
0,0,0,0,88,18,1,1
0,0,0,0,578,55,1,1
0,0,0,0,774,13,1,1
0,0,0,0,195,11,2,2
0,0,0,0,83,39,2,2
0,0,0,0,499,1,1,2
0,0,0,0,399,17,1,2
0,0,0,0,310,23,2,1
0,0,0,0,271,63,1,2
0,0,0,0,689,14,2,2
0,0,0,0,565,1,2,2
0,0,0,0,535,5,1,2
0,0,0,0,737,55,2,2
0,0,0,0,744,29,1,1
0,0,0,0,564,39,1,1
0,0,0,0,587,20,1,2
0,0,0,0,46,8,1,1
0,0,0,0,753,31,2,2
0,0,0,0,441,18,2,2
0,0,0,0,604,1,1,1
0,0,0,0,539,16,2,2
0,0,0,0,560,11,1,1
0,0,0,0,531,36,2,2
0,0,0,0,424,47,1,1
0,0,0,0,159,40,2,2
0,0,0,0,51,31,2,2
0,0,0,0,557,37,2,2
0,0,0,0,319,40,2,2
0,0,0,0,256,7,1,1
0,0,0,0,505,10,1,2
0,0,0,0,347,48,2,2
0,0,0,0,76,2,1,1
0,0,0,0,178,9,2,1
0,0,0,0,713,27,1,2
0,0,0,0,217,14,2,2
0,0,0,0,402,35,1,1
0,0,0,0,790,45,2,1
0,0,0,0,697,12,2,2
0,0,0,0,18,28,1,1
0,0,0,0,291,35,2,2
0,0,0,0,758,11,1,1
0,0,0,0,60,58,1,1
0,0,0,0,59,17,2,2
0,0,0,0,15,26,2,2
0,0,0,0,501,1,1,2
0,0,0,0,619,31,2,2
0,0,0,0,120,8,1,1
0,0,0,0,290,9,1,1
0,0,0,0,233,32,2,2
0,0,0,0,456,21,1,1
0,0,0,0,563,32,2,2
0,0,0,0,725,7,2,2
0,0,0,0,64,12,2,1
0,0,0,0,440,5,1,1
0,0,0,0,63,7,2,2
0,0,0,0,332,23,1,1
0,0,0,0,494,5,2,1
0,0,0,0,354,36,1,1
0,0,0,0,620,22,1,1
0,0,0,0,452,38,1,1
0,0,0,0,351,17,2,2
0,0,0,0,411,18,1,2
0,0,0,0,264,26,1,1
0,0,0,0,357,3,2,2
0,0,0,0,31,85,2,2
0,0,0,0,92,99,1,1
0,0,0,0,7,44,2,2
0,0,0,0,46,75,1,1
0,0,0,0,38,55,2,1
0,0,0,0,242,30,1,1
0,0,0,0,106,1,2,1
0,0,0,0,766,21,2,1
0,0,0,0,690,14,1,1
0,0,0,0,135,5,2,2
0,0,0,0,328,8,1,1
0,0,0,0,141,10,2,2
0,0,0,0,647,4,2,2
0,0,0,0,345,5,2,2
0,0,0,0,344,33,1,1
0,0,0,0,294,35,2,1
0,0,0,0,413,5,2,2
0,0,0,0,453,29,2,2
0,0,0,0,657,6,2,2
0,0,0,0,219,5,2,2
0,0,0,0,160,75,1,1
0,0,0,0,271,49,1,2
0,0,0,0,329,19,2,2
0,0,0,0,669,58,2,2
0,0,0,0,486,4,2,1
0,0,0,0,530,23,1,1
0,0,0,0,780,33,1,1
0,0,0,0,592,19,1,1
0,0,0,0,16,8,1,1
0,0,0,0,105,9,1,2
0,0,0,0,128,58,1,1
0,0,0,0,615,24,1,2
0,0,0,0,75,6,2,2
0,0,0,0,700,54,1,1
0,0,0,0,138,5,2,1
0,0,0,0,438,60,1,1
0,0,0,0,663,15,2,2
0,0,0,0,764,29,1,1
0,0,0,0,521,13,1,2
0,0,0,0,401,5,1,2
0,0,0,0,138,4,1,1
0,0,0,0,480,35,2,1
0,0,0,0,646,10,1,1
0,0,0,0,618,7,1,1
0,0,0,0,552,53,1,1
0,0,0,0,338,27,2,1
0,0,0,0,623,9,1,2
0,0,0,0,585,3,2,2
0,0,0,0,312,2,1,1
0,0,0,0,136,52,1,1
0,0,0,0,231,94,2,2
0,0,0,0,69,9,2,2
0,0,0,0,471,17,2,2
0,0,0,0,87,86,2,2
0,0,0,0,404,18,1,1
0,0,0,0,652,65,1,1
0,0,0,0,534,20,1,1
0,0,0,0,573,26,2,2
0,0,0,0,656,28,1,1
0,0,0,0,464,5,2,1
0,0,0,0,426,15,2,1
0,0,0,0,745,11,2,2
0,0,0,0,72,33,1,1
0,0,0,0,137,10,2,2
0,0,0,0,786,66,1,1
0,0,0,0,60,27,1,1
0,0,0,0,312,4,1,1
0,0,0,0,429,25,1,2
0,0,0,0,772,8,1,1
0,0,0,0,759,5,2,2
0,0,0,0,13,6,2,2
0,0,0,0,13,13,2,2
0,0,0,0,395,12,2,2
0,0,0,0,800,23,1,1
0,0,0,0,652,41,1,1
0,0,0,0,650,7,1,1
0,0,0,0,146,13,1,1
0,0,0,0,676,3,1,1
0,0,0,0,370,4,2,1
0,0,0,0,396,14,1,1
0,0,0,0,400,20,1,1
0,0,0,0,354,4,1,1
0,0,0,0,353,29,2,2
0,0,0,0,517,55,1,2
0,0,0,0,186,4,1,1
0,0,0,0,579,12,1,2
0,0,0,0,337,3,2,2
0,0,0,0,219,24,1,2
0,0,0,0,403,8,1,2
0,0,0,0,211,10,2,2
0,0,0,0,449,17,2,2
0,0,0,0,646,18,1,1
0,0,0,0,545,1,2,2
0,0,0,0,83,24,2,2
0,0,0,0,593,9,1,2
0,0,0,0,451,11,2,2
0,0,0,0,671,9,1,2
0,0,0,0,708,22,1,1
0,0,0,0,357,1,2,2
0,0,0,0,391,14,1,2
0,0,0,0,110,22,1,1
0,0,0,0,554,27,1,1
0,0,0,0,715,5,2,2
0,0,0,0,718,5,1,1
0,0,0,0,261,15,2,2
0,0,0,0,634,29,1,1
0,0,0,0,363,45,2,2
0,0,0,0,763,4,2,2
0,0,0,0,18,13,2,1
0,0,0,0,238,25,1,1
0,0,0,0,403,36,2,2
0,0,0,0,581,10,1,2
0,0,0,0,36,13,2,1
0,0,0,0,251,26,2,2
0,0,0,0,422,13,1,1
0,0,0,0,574,84,2,1
0,0,0,0,761,15,1,2
0,0,0,0,295,26,1,2
0,0,0,0,288,8,1,1
0,0,0,0,8,1,2,1
0,0,0,0,758,6,1,1
0,0,0,0,37,54,2,2
0,0,0,0,586,9,1,1
0,0,0,0,93,12,1,2
0,0,0,0,633,5,1,2
0,0,0,0,726,19,1,1
0,0,0,0,474,4,2,1
0,0,0,0,730,30,1,1
0,0,0,0,54,13,1,1
0,0,0,0,523,28,2,2
0,0,0,0,12,76,2,1
0,0,0,0,418,10,2,1
0,0,0,0,485,1,1,2
0,0,0,0,135,15,2,2
0,0,0,0,189,3,1,2
0,0,0,0,23,19,2,2
0,0,0,0,240,24,1,1
0,0,0,0,713,18,2,2
0,0,0,0,763,30,2,2
0,0,0,0,478,22,1,1
0,0,0,0,427,33,2,2
0,0,0,0,205,51,2,2
0,0,0,0,40,27,1,1
0,0,0,0,258,9,1,1
0,0,0,0,504,22,2,1
0,0,0,0,230,2,1,1
0,0,0,0,287,10,1,2
0,0,0,0,16,9,1,1
0,0,0,0,620,17,1,1
0,0,0,0,683,6,2,2
0,0,0,0,128,9,1,1
0,0,0,0,215,2,2,2
0,0,0,0,460,14,1,1
0,0,0,0,68,2,2,1
0,0,0,0,167,9,2,2
0,0,0,0,617,4,1,2
0,0,0,0,372,62,1,1
0,0,0,0,624,38,1,1
0,0,0,0,548,34,1,1
0,0,0,0,13,1,2,2
0,0,0,0,106,6,2,1
0,0,0,0,518,91,2,1
0,0,0,0,582,6,2,1
0,0,0,0,383,12,1,2
0,0,0,0,6,12,1,1
0,0,0,0,557,5,2,2
0,0,0,0,522,3,1,1
0,0,0,0,65,30,2,2
0,0,0,0,214,3,2,1
0,0,0,0,232,31,1,1
0,0,0,0,793,58,2,2
0,0,0,0,693,36,2,2
0,0,0,0,389,24,2,2
0,0,0,0,634,16,1,1
0,0,0,0,558,56,2,1
0,0,0,0,590,45,2,1
0,0,0,0,370,24,2,1
0,0,0,0,734,18,1,1
0,0,0,0,780,4,2,1
0,0,0,0,492,27,1,1
0,0,0,0,4,8,1,1
0,0,0,0,154,9,2,1
0,0,0,0,95,2,2,2
0,0,0,0,327,4,2,2
0,0,0,0,223,14,1,2
0,0,0,0,60,26,2,1
0,0,0,0,228,54,1,1
0,0,0,0,93,5,2,2
0,0,0,0,277,11,2,2
0,0,0,0,98,14,2,1
0,0,0,0,588,86,1,1
0,0,0,0,41,15,2,2
0,0,0,0,602,64,2,1
0,0,0,0,797,17,2,2
0,0,0,0,640,3,2,1
0,0,0,0,629,20,2,2
0,0,0,0,280,8,1,1
0,0,0,0,754,24,1,1
0,0,0,0,75,3,2,2
0,0,0,0,456,9,1,1
0,0,0,0,738,26,1,1
0,0,0,0,652,39,1,1
0,0,0,0,267,41,2,2
0,0,0,0,103,17,2,2
0,0,0,0,638,19,1,1
0,0,0,0,266,27,1,1
0,0,0,0,416,1,1,1
0,0,0,0,790,71,1,1
0,0,0,0,93,24,2,2
0,0,0,0,197,72,2,2
0,0,0,0,669,18,2,2
0,0,0,0,26,8,1,1
0,0,0,0,284,1,1,1
0,0,0,0,255,34,2,2
0,0,0,0,704,9,2,1
0,0,0,0,405,52,2,2
0,0,0,0,592,22,1,1
0,0,0,0,436,20,2,1
0,0,0,0,190,14,1,1
0,0,0,0,608,8,1,1
0,0,0,0,316,35,1,1
0,0,0,0,281,32,2,2
0,0,0,0,479,54,2,2
0,0,0,0,753,15,2,2
0,0,0,0,249,68,1,2
0,0,0,0,504,4,2,1
0,0,0,0,84,13,1,1
0,0,0,0,165,2,2,2
0,0,0,0,493,6,2,2
0,0,0,0,160,35,2,1
0,0,0,0,317,66,1,2
0,0,0,0,575,24,2,2
0,0,0,0,657,32,2,2
0,0,0,0,104,61,1,1
0,0,0,0,691,45,1,2
0,0,0,0,313,13,1,2
0,0,0,0,732,55,1,1
0,0,0,0,148,43,1,1
0,0,0,0,122,22,1,1
0,0,0,0,695,19,1,2
0,0,0,0,379,17,2,2
0,0,0,0,226,54,2,1
0,0,0,0,632,10,1,1
0,0,0,0,96,23,1,1
0,0,0,0,774,41,1,1
0,0,0,0,57,21,2,2
0,0,0,0,390,28,2,1
0,0,0,0,363,25,2,2
0,0,0,0,362,34,1,1
0,0,0,0,273,29,2,2
0,0,0,0,219,26,2,2
0,0,0,0,200,17,2,1
0,0,0,0,450,31,1,1
0,0,0,0,503,20,2,2
0,0,0,0,687,68,1,2
0,0,0,0,194,48,1,1
0,0,0,0,36,56,2,1
0,0,0,0,149,25,2,2
0,0,0,0,497,52,1,2
0,0,0,0,384,40,2,1
0,0,0,0,350,14,1,1
0,0,0,0,521,18,2,2
0,0,0,0,108,16,1,1
0,0,0,0,712,32,1,1
0,0,0,0,371,2,2,2
0,0,0,0,437,4,1,2
0,0,0,0,56,75,1,1
0,0,0,0,451,36,2,2
0,0,0,0,785,13,1,2
0,0,0,0,270,14,2,1
0,0,0,0,710,5,1,1
0,0,0,0,562,8,2,1
0,0,0,0,660,33,1,1
0,0,0,0,72,15,1,1
0,0,0,0,700,8,1,1
0,0,0,0,244,59,1,1
0,0,0,0,612,19,1,1
0,0,0,0,337,27,1,2
0,0,0,0,333,9,2,2
0,0,0,0,757,25,2,2
0,0,0,0,337,7,1,2
0,0,0,0,156,14,1,1
0,0,0,0,131,17,1,2
0,0,0,0,412,1,2,1
0,0,0,0,466,8,2,1
0,0,0,0,717,10,1,2
0,0,0,0,562,14,2,1
0,0,0,0,168,9,1,1
0,0,0,0,309,21,1,2
0,0,0,0,34,16,1,1
0,0,0,0,782,14,1,1
0,0,0,0,160,11,2,1
0,0,0,0,719,32,2,2
0,0,0,0,567,13,1,2
0,0,0,0,463,14,1,2
0,0,0,0,541,18,2,2
0,0,0,0,602,8,1,1
0,0,0,0,426,7,1,1
0,0,0,0,782,6,1,1
0,0,0,0,333,3,2,2
0,0,0,0,437,42,2,2
0,0,0,0,404,12,1,1
0,0,0,0,433,2,2,2
0,0,0,0,378,80,2,1
0,0,0,0,196,24,1,1
0,0,0,0,467,30,2,2
0,0,0,0,433,27,2,2
0,0,0,0,65,8,2,2
0,0,0,0,274,6,1,1
0,0,0,0,395,15,1,2
0,0,0,0,532,53,1,1
0,0,0,0,215,18,2,2
0,0,0,0,118,31,2,1
0,0,0,0,185,23,2,2
0,0,0,0,753,4,1,2
0,0,0,0,716,27,1,1
0,0,0,0,291,14,1,2
0,0,0,0,449,106,2,2
0,0,0,0,396,72,2,1
0,0,0,0,495,34,2,2
0,0,0,0,361,55,2,2
0,0,0,0,532,4,2,1
0,0,0,0,330,3,1,1
0,0,0,0,757,34,1,2
0,0,0,0,410,17,1,1
0,0,0,0,197,28,2,2
0,0,0,0,637,25,2,2
0,0,0,0,160,4,1,1
0,0,0,0,116,14,1,1
0,0,0,0,144,38,1,1
0,0,0,0,140,19,1,1
0,0,0,0,506,27,1,1
0,0,0,0,257,11,1,2
0,0,0,0,770,10,1,1
0,0,0,0,565,10,1,2
0,0,0,0,741,2,2,2
0,0,0,0,695,2,2,2
0,0,0,0,487,30,2,2
0,0,0,0,796,55,1,1
0,0,0,0,800,29,1,1
0,0,0,0,49,23,1,2
0,0,0,0,82,1,2,1
0,0,0,0,157,11,2,2
0,0,0,0,546,4,2,1
0,0,0,0,574,39,1,1
0,0,0,0,403,62,2,2
0,0,0,0,344,13,1,1
0,0,0,0,219,11,1,2
0,0,0,0,26,3,1,1
0,0,0,0,586,57,1,1
0,0,0,0,29,5,1,2
0,0,0,0,743,23,1,2
0,0,0,0,178,34,1,1
0,0,0,0,208,5,2,1
0,0,0,0,369,22,1,2
0,0,0,0,450,1,1,1
0,0,0,0,425,65,2,2
0,0,0,0,712,10,1,1
0,0,0,0,56,20,1,1
0,0,0,0,50,41,1,1
0,0,0,0,497,7,2,2
0,0,0,0,382,30,1,1
0,0,0,0,352,41,1,1
0,0,0,0,756,19,1,1
0,0,0,0,593,12,2,2
0,0,0,0,394,33,1,1
0,0,0,0,349,9,2,2
0,0,0,0,513,14,2,2
0,0,0,0,637,8,2,2
0,0,0,0,496,52,1,1
0,0,0,0,96,9,2,1
0,0,0,0,559,32,2,2
0,0,0,0,284,20,2,1
0,0,0,0,786,19,1,1
0,0,0,0,514,26,1,1
0,0,0,0,445,11,2,2
0,0,0,0,312,6,1,1
0,0,0,0,229,1,2,2
0,0,0,0,32,66,1,1
0,0,0,0,683,41,2,2
0,0,0,0,609,27,2,2
0,0,0,0,268,24,1,1
0,0,0,0,756,4,1,1
0,0,0,0,582,4,1,1
0,0,0,0,249,16,2,2
0,0,0,0,285,2,2,2
0,0,0,0,570,28,2,1
0,0,0,0,458,30,1,1
0,0,0,0,419,11,2,2
0,0,0,0,660,40,1,1
0,0,0,0,226,48,1,1
0,0,0,0,341,6,2,2
0,0,0,0,558,9,1,1
0,0,0,0,136,17,1,1
0,0,0,0,210,4,1,1
0,0,0,0,119,17,1,2
0,0,0,0,241,23,1,2
0,0,0,0,131,9,2,2
0,0,0,0,517,20,1,2
0,0,0,0,164,33,1,1
0,0,0,0,601,29,2,2
0,0,0,0,101,81,1,2
0,0,0,0,49,24,2,2
0,0,0,0,144,1,1,1
0,0,0,0,771,14,2,2
0,0,0,0,29,9,1,2
0,0,0,0,695,1,2,2
0,0,0,0,171,1,2,2
0,0,0,0,638,5,2,1
0,0,0,0,135,4,1,2
0,0,0,0,425,8,2,2
0,0,0,0,669,10,2,2
0,0,0,0,232,24,1,1
0,0,0,0,621,66,2,2
0,0,0,0,137,9,1,2
0,0,0,0,661,7,2,2
0,0,0,0,725,18,2,2
0,0,0,0,464,50,1,1
0,0,0,0,641,34,2,2
0,0,0,0,427,10,1,2
0,0,0,0,453,5,2,2
0,0,0,0,518,1,2,1
0,0,0,0,646,31,1,1
0,0,0,0,278,10,1,1
0,0,0,0,787,12,1,2
0,0,0,0,737,11,2,2
0,0,0,0,688,26,2,1
0,0,0,0,34,24,2,1
0,0,0,0,289,4,2,2
0,0,0,0,603,24,2,2
0,0,0,0,93,45,2,2
0,0,0,0,791,10,2,2
0,0,0,0,455,6,2,2
0,0,0,0,600,39,2,1
0,0,0,0,136,10,1,1
0,0,0,0,376,3,1,1
0,0,0,0,169,72,2,2
0,0,0,0,341,18,2,2
0,0,0,0,616,7,1,1
0,0,0,0,210,29,1,1
0,0,0,0,146,6,1,1
0,0,0,0,533,23,1,2
0,0,0,0,716,25,2,1
0,0,0,0,71,2,2,2
0,0,0,0,511,24,2,2
0,0,0,0,455,109,2,2
0,0,0,0,765,7,2,2
0,0,0,0,279,56,2,2
0,0,0,0,3,64,1,2
0,0,0,0,380,11,1,1
0,0,0,0,771,3,2,2
0,0,0,0,16,34,1,1
0,0,0,0,759,2,2,2
0,0,0,0,312,7,1,1
0,0,0,0,709,25,1,2
0,0,0,0,433,87,2,2
0,0,0,0,750,11,1,1
0,0,0,0,268,60,1,1
0,0,0,0,39,22,2,2
0,0,0,0,448,45,1,1
0,0,0,0,512,6,1,1
0,0,0,0,384,39,1,1
0,0,0,0,508,14,1,1
0,0,0,0,120,6,1,1
0,0,0,0,486,7,1,1
0,0,0,0,636,6,2,1
0,0,0,0,286,69,1,1
0,0,0,0,90,7,1,1
0,0,0,0,203,24,2,2
0,0,0,0,410,29,1,1
0,0,0,0,692,15,1,1
0,0,0,0,692,17,1,1
0,0,0,0,559,1,2,2
0,0,0,0,427,7,2,2
0,0,0,0,460,3,1,1
0,0,0,0,629,2,2,2
0,0,0,0,217,48,2,2
0,0,0,0,73,64,1,2
0,0,0,0,780,45,1,1
0,0,0,0,584,3,2,1
0,0,0,0,485,24,2,2
0,0,0,0,589,5,1,2
0,0,0,0,277,34,1,2
0,0,0,0,639,10,2,2
0,0,0,0,127,37,1,2
0,0,0,0,118,15,1,1
0,0,0,0,189,21,2,2
0,0,0,0,490,38,1,1
0,0,0,0,710,3,1,1
0,0,0,0,711,20,1,2
0,0,0,0,757,31,2,2
0,0,0,0,19,31,2,2
0,0,0,0,413,47,2,2
0,0,0,0,512,1,1,1
0,0,0,0,129,27,2,2
0,0,0,0,365,65,2,2
0,0,0,0,102,8,1,1
0,0,0,0,146,22,2,1
0,0,0,0,265,25,1,2
0,0,0,0,401,1,2,2
0,0,0,0,537,23,1,2
0,0,0,0,704,15,1,1
0,0,0,0,390,6,1,1
0,0,0,0,772,33,1,1
0,0,0,0,760,6,1,1
0,0,0,0,149,43,1,2
0,0,0,0,727,92,2,2
0,0,0,0,736,1,2,1
0,0,0,0,771,27,2,2
0,0,0,0,491,24,2,2
0,0,0,0,592,9,1,1
0,0,0,0,505,1,1,2
0,0,0,0,779,12,2,2
0,0,0,0,753,17,2,2
0,0,0,0,147,13,1,2
0,0,0,0,469,15,2,2
0,0,0,0,600,1,1,1
0,0,0,0,123,3,1,2
0,0,0,0,590,40,1,1
0,0,0,0,316,31,1,1
0,0,0,0,134,10,1,1
0,0,0,0,533,9,2,2
0,0,0,0,339,12,1,2
0,0,0,0,3,4,2,2
0,0,0,0,721,17,2,2
0,0,0,0,53,24,2,2
0,0,0,0,103,27,2,2
0,0,0,0,767,9,2,2
0,0,0,0,169,28,1,2
0,0,0,0,246,56,2,1
0,0,0,0,456,1,1,1
0,0,0,0,305,21,1,2
0,0,0,0,658,13,2,1
0,0,0,0,165,22,2,2
0,0,0,0,683,83,1,2
0,0,0,0,445,9,2,2
0,0,0,0,780,3,2,1
0,0,0,0,256,2,1,1
0,0,0,0,387,15,1,2
0,0,0,0,467,7,2,2
0,0,0,0,28,36,1,1
0,0,0,0,504,23,1,1
0,0,0,0,238,42,1,1
0,0,0,0,692,4,2,1
0,0,0,0,717,64,1,2
0,0,0,0,219,65,2,2
0,0,0,0,91,83,2,2
0,0,0,0,568,42,1,1
0,0,0,0,98,36,1,1
0,0,0,0,11,8,1,2
0,0,0,0,373,56,1,2
0,0,0,0,565,33,2,2
0,0,0,0,652,111,2,1
0,0,0,0,463,19,2,2
0,0,0,0,179,1,2,2
0,0,0,0,202,3,1,1
0,0,0,0,463,31,2,2
0,0,0,0,717,6,2,2
0,0,0,0,33,16,2,2
0,0,0,0,101,14,2,2
0,0,0,0,376,5,2,1
0,0,0,0,622,3,2,1
0,0,0,0,274,22,1,1
0,0,0,0,536,38,1,1
0,0,0,0,110,11,2,1
0,0,0,0,108,43,1,1
0,0,0,0,118,2,1,1
0,0,0,0,706,43,2,1
0,0,0,0,668,8,1,1
0,0,0,0,454,10,2,1
0,0,0,0,746,16,1,1
0,0,0,0,654,21,1,1
0,0,0,0,707,7,2,2
0,0,0,0,548,52,2,1
0,0,0,0,148,8,1,1
0,0,0,0,99,18,2,2
0,0,0,0,324,6,1,1
0,0,0,0,277,3,2,2
0,0,0,0,696,72,1,1
0,0,0,0,662,5,1,1
0,0,0,0,191,6,2,2
0,0,0,0,439,1,2,2
0,0,0,0,719,11,2,2
0,0,0,0,248,30,1,1
0,0,0,0,568,5,1,1
0,0,0,0,110,56,2,1
0,0,0,0,185,12,2,2
0,0,0,0,385,9,1,2
0,0,0,0,462,8,1,1
0,0,0,0,109,21,2,2
0,0,0,0,282,4,1,1
0,0,0,0,748,23,1,1
0,0,0,0,688,19,1,1
0,0,0,0,282,49,1,1
0,0,0,0,232,16,1,1
0,0,0,0,346,1,1,1
0,0,0,0,659,35,2,2
0,0,0,0,630,19,1,1
0,0,0,0,235,17,2,2
0,0,0,0,235,1,1,2
0,0,0,0,517,52,2,2
0,0,0,0,482,20,1,1
0,0,0,0,254,8,1,1
0,0,0,0,510,26,1,1
0,0,0,0,316,3,1,1
0,0,0,0,215,5,2,2
0,0,0,0,58,5,1,1
0,0,0,0,132,2,1,1
0,0,0,0,251,24,2,2
0,0,0,0,451,7,2,2
0,0,0,0,645,6,1,2
0,0,0,0,676,4,2,1
0,0,0,0,483,13,2,2
0,0,0,0,280,56,1,1
0,0,0,0,714,15,1,1
0,0,0,0,677,6,2,2
0,0,0,0,111,4,1,2
0,0,0,0,36,10,1,1
0,0,0,0,515,1,2,2
0,0,0,0,173,11,2,2
0,0,0,0,740,65,1,1
0,0,0,0,585,17,2,2
0,0,0,0,99,3,1,2
0,0,0,0,625,7,2,2
0,0,0,0,751,68,1,2
0,0,0,0,421,19,2,2
0,0,0,0,56,35,1,1
0,0,0,0,452,2,1,1
0,0,0,0,425,24,1,2
0,0,0,0,685,7,2,2
0,0,0,0,800,25,1,1
0,0,0,0,560,63,1,1
0,0,0,0,365,24,2,2
0,0,0,0,309,88,2,2
0,0,0,0,39,19,2,2
0,0,0,0,582,7,1,1
0,0,0,0,772,4,2,1
0,0,0,0,625,5,1,2
0,0,0,0,11,3,2,2
0,0,0,0,11,35,2,2
0,0,0,0,249,14,2,2
0,0,0,0,244,28,1,1
0,0,0,0,163,37,1,2
0,0,0,0,645,4,2,2
0,0,0,0,643,27,2,2
0,0,0,0,386,3,2,1
0,0,0,0,497,22,2,2
0,0,0,0,794,18,1,1
0,0,0,0,557,23,2,2
0,0,0,0,82,8,1,1
0,0,0,0,533,7,1,2
0,0,0,0,166,44,1,1
0,0,0,0,274,1,2,1
0,0,0,0,375,26,1,2
0,0,0,0,448,16,1,1
0,0,0,0,157,1,1,2
0,0,0,0,704,11,1,1
0,0,0,0,44,27,1,1
0,0,0,0,246,7,1,1
0,0,0,0,584,25,1,1
0,0,0,0,225,17,2,2
0,0,0,0,4,4,1,1
0,0,0,0,192,1,1,1
0,0,0,0,212,7,1,1
0,0,0,0,790,6,1,1
0,0,0,0,330,64,1,1
0,0,0,0,655,10,2,2
0,0,0,0,32,3,1,1
0,0,0,0,400,25,1,1
0,0,0,0,231,1,2,2
0,0,0,0,598,4,1,1
0,0,0,0,377,40,1,2
0,0,0,0,156,32,1,1
0,0,0,0,367,35,2,2
0,0,0,0,621,47,2,2
0,0,0,0,478,29,1,1
0,0,0,0,486,5,2,1
0,0,0,0,48,19,1,1
0,0,0,0,727,56,2,2
0,0,0,0,210,36,1,1
0,0,0,0,410,1,1,1
0,0,0,0,680,28,1,1
0,0,0,0,746,84,2,1
0,0,0,0,467,5,1,2
0,0,0,0,353,2,2,2
0,0,0,0,499,12,2,2
0,0,0,0,299,32,2,2
0,0,0,0,384,1,1,1
0,0,0,0,577,11,2,2
0,0,0,0,494,10,1,1
0,0,0,0,732,32,1,1
0,0,0,0,500,37,1,1
0,0,0,0,417,8,2,2
0,0,0,0,692,65,1,1
0,0,0,0,525,35,2,2
0,0,0,0,194,73,2,1
0,0,0,0,754,41,1,1
0,0,0,0,384,13,1,1
0,0,0,0,286,10,1,1
0,0,0,0,571,11,2,2
0,0,0,0,376,10,1,1
0,0,0,0,489,12,2,2
0,0,0,0,417,24,2,2
0,0,0,0,345,42,2,2
0,0,0,0,520,16,1,1
0,0,0,0,552,61,1,1
0,0,0,0,136,15,1,1
0,0,0,0,198,1,1,1
0,0,0,0,734,6,2,1
0,0,0,0,30,31,1,1
0,0,0,0,594,10,2,1
0,0,0,0,676,2,1,1
0,0,0,0,375,32,2,2
0,0,0,0,524,66,1,1
0,0,0,0,255,8,2,2
0,0,0,0,371,50,2,2
0,0,0,0,631,77,1,2
0,0,0,0,645,43,2,2
0,0,0,0,603,10,1,2
0,0,0,0,468,10,1,1
0,0,0,0,543,13,2,2
0,0,0,0,525,37,1,2
0,0,0,0,757,7,2,2
0,0,0,0,415,16,2,2
0,0,0,0,756,13,1,1
0,0,0,0,660,11,2,1
0,0,0,0,734,10,1,1
0,0,0,0,348,32,1,1
0,0,0,0,644,18,1,1
0,0,0,0,118,19,1,1
0,0,0,0,6,8,1,1
0,0,0,0,717,3,2,2
0,0,0,0,363,12,1,2
0,0,0,0,746,17,2,1
0,0,0,0,503,2,2,2
0,0,0,0,365,5,2,2
0,0,0,0,687,19,2,2
0,0,0,0,372,2,1,1
0,0,0,0,513,17,2,2
0,0,0,0,525,82,2,2
0,0,0,0,627,9,2,2
0,0,0,0,543,32,2,2
0,0,0,0,725,39,2,2
0,0,0,0,37,7,2,2
0,0,0,0,476,2,1,1
0,0,0,0,254,5,1,1
0,0,0,0,514,20,2,1
0,0,0,0,657,43,1,2
0,0,0,0,22,4,2,1
0,0,0,0,639,43,1,2
0,0,0,0,175,50,2,2
0,0,0,0,320,48,1,1
0,0,0,0,605,29,2,2
0,0,0,0,731,18,2,2
0,0,0,0,140,15,2,1
0,0,0,0,578,20,2,1
0,0,0,0,508,22,2,1
0,0,0,0,37,110,2,2
0,0,0,0,204,8,1,1
0,0,0,0,278,3,1,1
0,0,0,0,766,10,1,1
0,0,0,0,271,5,2,2
0,0,0,0,194,43,2,1
0,0,0,0,499,31,2,2
0,0,0,0,154,53,1,1
0,0,0,0,717,8,2,2
0,0,0,0,580,32,1,1
0,0,0,0,278,5,1,1
0,0,0,0,12,8,1,1
0,0,0,0,306,18,1,1
0,0,0,0,493,5,1,2
0,0,0,0,571,53,2,2
0,0,0,0,115,15,2,2
0,0,0,0,414,12,2,1
0,0,0,0,122,14,1,1
0,0,0,0,359,39,2,2
0,0,0,0,561,41,2,2
0,0,0,0,152,12,2,1
0,0,0,0,497,20,2,2
0,0,0,0,540,35,2,1
0,0,0,0,289,9,2,2
0,0,0,0,763,9,2,2
0,0,0,0,549,19,2,2
0,0,0,0,329,4,1,2
0,0,0,0,357,37,2,2
0,0,0,0,417,23,1,2
0,0,0,0,10,3,1,1
0,0,0,0,270,1,2,1
0,0,0,0,526,8,1,1
0,0,0,0,225,20,2,2
0,0,0,0,726,3,2,1
0,0,0,0,79,74,2,2
0,0,0,0,262,45,2,1
0,0,0,0,752,66,2,1
0,0,0,0,341,103,2,2
0,0,0,0,481,24,2,2
0,0,0,0,516,38,1,1
0,0,0,0,418,2,1,1
0,0,0,0,537,14,1,2
0,0,0,0,2,6,1,1
0,0,0,0,269,6,2,2
0,0,0,0,416,27,2,1
0,0,0,0,351,4,2,2
0,0,0,0,6,40,2,1
0,0,0,0,601,4,2,2
0,0,0,0,538,40,1,1
0,0,0,0,424,1,2,1
0,0,0,0,499,58,2,2
0,0,0,0,220,22,1,1
0,0,0,0,452,20,1,1
0,0,0,0,673,9,1,2
0,0,0,0,292,16,1,1
0,0,0,0,585,20,2,2
0,0,0,0,228,25,1,1
0,0,0,0,149,4,1,2
0,0,0,0,517,4,2,2
0,0,0,0,480,17,1,1
0,0,0,0,664,33,1,1
0,0,0,0,47,10,2,2
0,0,0,0,138,7,1,1
0,0,0,0,262,43,1,1
0,0,0,0,52,24,1,1
0,0,0,0,281,52,2,2
0,0,0,0,277,4,1,2
0,0,0,0,360,6,1,1
0,0,0,0,10,14,1,1
0,0,0,0,133,1,2,2
0,0,0,0,477,11,1,2
0,0,0,0,353,21,1,2
0,0,0,0,49,71,2,2
0,0,0,0,19,39,2,2
0,0,0,0,133,33,2,2
0,0,0,0,381,74,2,2
0,0,0,0,446,20,2,1
0,0,0,0,556,43,1,1
0,0,0,0,105,10,2,2
0,0,0,0,699,57,2,2
0,0,0,0,430,2,2,1
0,0,0,0,742,12,1,1
0,0,0,0,336,82,2,1
0,0,0,0,742,3,1,1
0,0,0,0,12,22,1,1
0,0,0,0,304,8,1,1
0,0,0,0,774,28,1,1
0,0,0,0,71,45,1,2
0,0,0,0,488,8,1,1
0,0,0,0,710,27,1,1
0,0,0,0,678,19,1,1
0,0,0,0,797,2,2,2
0,0,0,0,510,4,2,1
0,0,0,0,259,101,1,2
0,0,0,0,223,35,2,2
0,0,0,0,618,42,2,1
0,0,0,0,623,42,2,2
0,0,0,0,438,9,2,1
0,0,0,0,591,23,1,2
0,0,0,0,256,32,1,1
0,0,0,0,476,27,1,1
0,0,0,0,742,33,1,1
0,0,0,0,139,35,2,2
0,0,0,0,325,5,2,2
0,0,0,0,460,47,2,1
0,0,0,0,115,35,1,2
0,0,0,0,488,59,2,1
0,0,0,0,589,4,1,2
0,0,0,0,519,51,1,2
0,0,0,0,174,17,2,1
0,0,0,0,597,8,2,2
0,0,0,0,313,3,2,2
0,0,0,0,226,13,1,1
0,0,0,0,711,8,2,2
0,0,0,0,73,6,2,2
0,0,0,0,529,4,2,2
0,0,0,0,185,27,1,2
0,0,0,0,155,38,2,2
0,0,0,0,18,32,1,1
0,0,0,0,507,17,1,2
0,0,0,0,6,24,1,1
0,0,0,0,283,12,2,2
0,0,0,0,653,11,2,2
0,0,0,0,89,3,2,2
0,0,0,0,49,9,2,2
0,0,0,0,39,5,2,2
0,0,0,0,282,18,1,1
0,0,0,0,743,3,2,2
0,0,0,0,642,51,1,1
0,0,0,0,337,23,2,2
0,0,0,0,769,15,2,2
0,0,0,0,668,3,1,1
0,0,0,0,462,24,1,1
0,0,0,0,294,10,1,1
0,0,0,0,10,2,1,1
0,0,0,0,351,28,1,2
0,0,0,0,104,22,2,1
0,0,0,0,153,35,1,2
0,0,0,0,460,13,1,1
0,0,0,0,509,5,1,2
0,0,0,0,359,1,2,2
0,0,0,0,653,48,2,2
0,0,0,0,33,30,1,2
0,0,0,0,495,3,1,2
0,0,0,0,140,56,1,1
0,0,0,0,445,29,2,2
0,0,0,0,662,2,1,1
0,0,0,0,454,1,1,1
0,0,0,0,247,7,2,2
0,0,0,0,688,75,1,1
0,0,0,0,158,58,1,1
0,0,0,0,159,22,1,2
0,0,0,0,430,38,1,1
0,0,0,0,677,47,2,2
0,0,0,0,276,17,1,1
0,0,0,0,217,13,1,2
0,0,0,0,109,10,2,2
0,0,0,0,696,38,1,1
0,0,0,0,69,43,1,2
0,0,0,0,598,36,1,1
0,0,0,0,658,33,2,1
0,0,0,0,222,10,1,1
0,0,0,0,266,6,1,1
0,0,0,0,238,7,1,1
0,0,0,0,288,59,1,1
0,0,0,0,528,4,2,1
0,0,0,0,754,30,1,1
0,0,0,0,107,1,2,2
0,0,0,0,702,11,1,1
0,0,0,0,177,3,2,2
0,0,0,0,123,7,2,2
0,0,0,0,94,25,1,1
0,0,0,0,418,46,2,1
0,0,0,0,798,1,2,1
0,0,0,0,439,44,1,2
0,0,0,0,659,26,2,2
0,0,0,0,185,38,2,2
0,0,0,0,635,37,2,2
0,0,0,0,620,12,2,1
0,0,0,0,154,21,1,1
0,0,0,0,526,16,1,1
0,0,0,0,681,49,2,2
0,0,0,0,745,2,2,2
0,0,0,0,118,10,1,1
0,0,0,0,445,1,2,2
0,0,0,0,81,17,1,2
0,0,0,0,128,2,1,1
0,0,0,0,583,12,2,2
0,0,0,0,638,11,1,1
0,0,0,0,207,41,2,2
0,0,0,0,771,21,1,2
0,0,0,0,323,49,2,2
0,0,0,0,210,3,1,1
0,0,0,0,180,18,1,1
0,0,0,0,596,15,2,1
0,0,0,0,161,27,1,2
0,0,0,0,127,10,2,2
0,0,0,0,336,54,1,1
0,0,0,0,143,8,2,2
0,0,0,0,119,8,2,2
0,0,0,0,404,1,2,1
0,0,0,0,682,18,1,1
0,0,0,0,343,25,2,2
0,0,0,0,593,26,1,2
0,0,0,0,8,2,1,1
0,0,0,0,641,4,1,2
0,0,0,0,748,52,2,1
0,0,0,0,324,102,2,1
0,0,0,0,269,18,1,2
0,0,0,0,283,52,2,2
0,0,0,0,130,38,1,1
0,0,0,0,184,2,1,1
0,0,0,0,342,15,1,1
0,0,0,0,758,25,2,1
0,0,0,0,121,21,2,2
0,0,0,0,614,5,2,1
0,0,0,0,727,24,2,2
0,0,0,0,524,6,1,1
0,0,0,0,693,4,2,2
0,0,0,0,43,2,2,2
0,0,0,0,251,1,2,2
0,0,0,0,466,33,1,1
0,0,0,0,105,14,1,2
0,0,0,0,622,47,1,1
0,0,0,0,536,32,1,1
0,0,0,0,782,3,2,1
0,0,0,0,492,58,2,1
0,0,0,0,44,85,1,1
0,0,0,0,355,3,2,2
0,0,0,0,206,16,1,1
0,0,0,0,655,1,2,2
0,0,0,0,500,43,1,1
0,0,0,0,411,3,1,2
0,0,0,0,186,8,1,1
0,0,0,0,477,44,2,2
0,0,0,0,602,35,1,1
0,0,0,0,654,16,1,1
0,0,0,0,502,3,1,1
0,0,0,0,444,69,1,1
0,0,0,0,423,12,2,2
0,0,0,0,713,10,2,2
0,0,0,0,127,8,2,2
0,0,0,0,62,24,2,1
0,0,0,0,715,3,1,2
0,0,0,0,307,5,2,2
0,0,0,0,627,17,2,2
0,0,0,0,603,20,1,2
0,0,0,0,30,3,2,1
0,0,0,0,535,17,1,2
0,0,0,0,557,12,1,2
0,0,0,0,447,103,2,2
0,0,0,0,533,4,1,2
0,0,0,0,265,34,2,2
0,0,0,0,585,38,2,2
0,0,0,0,207,22,2,2
0,0,0,0,421,69,2,2
0,0,0,0,488,22,2,1
0,0,0,0,703,8,1,2
0,0,0,0,54,24,1,1
0,0,0,0,650,5,2,1
0,0,0,0,231,15,2,2
0,0,0,0,182,3,1,1
0,0,0,0,680,47,2,1
0,0,0,0,538,3,1,1
0,0,0,0,453,43,1,2
0,0,0,0,373,33,1,2
0,0,0,0,248,17,1,1
0,0,0,0,773,47,2,2
0,0,0,0,370,34,2,1
0,0,0,0,686,3,1,1
0,0,0,0,800,59,2,1
0,0,0,0,100,9,1,1
0,0,0,0,170,24,1,1
0,0,0,0,260,3,1,1
0,0,0,0,249,7,2,2
0,0,0,0,144,17,1,1
0,0,0,0,317,10,1,2
0,0,0,0,317,2,2,2
0,0,0,0,48,70,2,1
0,0,0,0,556,5,2,1
0,0,0,0,195,44,1,2
0,0,0,0,211,99,1,2
0,0,0,0,42,44,1,1
0,0,0,0,38,35,1,1
0,0,0,0,794,15,1,1
0,0,0,0,776,7,1,1
0,0,0,0,327,34,1,2
0,0,0,0,391,82,2,2
0,0,0,0,601,16,2,2
0,0,0,0,160,49,1,1
0,0,0,0,656,47,2,1
0,0,0,0,145,14,1,2
0,0,0,0,577,4,1,2
0,0,0,0,338,4,2,1
0,0,0,0,720,29,1,1
0,0,0,0,388,17,2,1
0,0,0,0,181,36,2,2
0,0,0,0,689,12,2,2
0,0,0,0,370,2,1,1
0,0,0,0,347,17,2,2
0,0,0,0,31,65,2,2
0,0,0,0,667,29,2,2
0,0,0,0,755,29,2,2
0,0,0,0,98,71,1,1
0,0,0,0,697,11,2,2
0,0,0,0,424,28,2,1
0,0,0,0,543,10,1,2
0,0,0,0,629,18,2,2
0,0,0,0,757,17,1,2
0,0,0,0,692,5,2,1
0,0,0,0,546,27,1,1
0,0,0,0,649,21,1,2
0,0,0,0,721,55,2,2
0,0,0,0,440,15,1,1
0,0,0,0,410,4,2,1
0,0,0,0,18,19,1,1
0,0,0,0,542,19,1,1
0,0,0,0,430,7,1,1
0,0,0,0,96,3,1,1
0,0,0,0,677,14,1,2
0,0,0,0,272,2,1,1
0,0,0,0,472,26,1,1
0,0,0,0,126,3,1,1
0,0,0,0,493,4,1,2
0,0,0,0,549,35,2,2
0,0,0,0,302,43,1,1
0,0,0,0,383,19,2,2
0,0,0,0,223,22,2,2
0,0,0,0,193,1,2,2
0,0,0,0,66,46,1,1
0,0,0,0,752,55,1,1
0,0,0,0,559,22,2,2
0,0,0,0,666,78,1,1
0,0,0,0,130,29,1,1
0,0,0,0,24,1,2,1
0,0,0,0,97,69,2,2
0,0,0,0,724,6,1,1
0,0,0,0,173,12,2,2
0,0,0,0,509,19,2,2
0,0,0,0,153,2,2,2
0,0,0,0,196,56,1,1
0,0,0,0,678,9,1,1
0,0,0,0,723,23,2,2
0,0,0,0,422,65,1,1
0,0,0,0,571,18,2,2
0,0,0,0,630,11,1,1
0,0,0,0,494,1,1,1
0,0,0,0,218,37,1,1
0,0,0,0,116,41,1,1
0,0,0,0,595,37,2,2
0,0,0,0,380,14,1,1
0,0,0,0,407,3,2,2
0,0,0,0,492,2,1,1
0,0,0,0,134,8,1,1
0,0,0,0,289,23,2,2
0,0,0,0,565,15,2,2
0,0,0,0,568,65,1,1
0,0,0,0,769,44,2,2
0,0,0,0,500,22,2,1
0,0,0,0,438,84,1,1
0,0,0,0,605,20,2,2
0,0,0,0,658,7,1,1
0,0,0,0,450,9,2,1
0,0,0,0,319,27,2,2
0,0,0,0,363,32,2,2
0,0,0,0,79,19,1,2
0,0,0,0,343,1,2,2
0,0,0,0,738,2,1,1
0,0,0,0,635,2,1,2
0,0,0,0,356,14,1,1
0,0,0,0,776,16,1,1
0,0,0,0,343,14,1,2
0,0,0,0,74,23,1,1
0,0,0,0,192,43,2,1
0,0,0,0,183,22,2,2
0,0,0,0,309,26,1,2
0,0,0,0,633,67,2,2
0,0,0,0,307,15,2,2
0,0,0,0,754,29,1,1
0,0,0,0,259,14,2,2
0,0,0,0,388,2,1,1
0,0,0,0,245,7,2,2
0,0,0,0,220,15,1,1
0,0,0,0,388,24,2,1
0,0,0,0,192,26,1,1
0,0,0,0,728,5,2,1
0,0,0,0,390,35,2,1
0,0,0,0,301,33,2,2
0,0,0,0,295,7,1,2
0,0,0,0,455,28,1,2
0,0,0,0,564,12,1,1
0,0,0,0,658,10,1,1
0,0,0,0,459,39,2,2
0,0,0,0,473,48,2,2
0,0,0,0,256,18,1,1
0,0,0,0,134,51,2,1
0,0,0,0,221,13,1,2
0,0,0,0,114,10,1,1
0,0,0,0,553,11,2,2
0,0,0,0,717,2,2,2
0,0,0,0,399,9,1,2
0,0,0,0,257,23,1,2
0,0,0,0,40,26,1,1
0,0,0,0,667,5,2,2
0,0,0,0,775,37,1,2
0,0,0,0,164,45,1,1
0,0,0,0,440,70,2,1
0,0,0,0,218,13,1,1
0,0,0,0,33,61,2,2
0,0,0,0,293,25,2,2
0,0,0,0,98,12,1,1
0,0,0,0,128,24,2,1
0,0,0,0,414,14,2,1
0,0,0,0,533,2,1,2
0,0,0,0,341,4,2,2
0,0,0,0,139,18,1,2
0,0,0,0,576,8,1,1
0,0,0,0,792,41,1,1
0,0,0,0,441,72,2,2
0,0,0,0,719,13,2,2
0,0,0,0,394,17,1,1
0,0,0,0,647,5,1,2
0,0,0,0,133,55,2,2
0,0,0,0,388,16,1,1
0,0,0,0,723,22,1,2
0,0,0,0,457,38,2,2
0,0,0,0,529,11,1,2
0,0,0,0,236,7,1,1
0,0,0,0,500,45,1,1
0,0,0,0,627,3,1,2
0,0,0,0,369,5,2,2
0,0,0,0,787,22,1,2
0,0,0,0,487,7,2,2
0,0,0,0,152,26,1,1
0,0,0,0,580,2,1,1
0,0,0,0,197,14,2,2
0,0,0,0,243,3,1,2
0,0,0,0,418,9,1,1
0,0,0,0,568,22,2,1
0,0,0,0,323,29,2,2
0,0,0,0,344,67,1,1
0,0,0,0,715,10,1,2
0,0,0,0,534,26,1,1
0,0,0,0,372,10,1,1
0,0,0,0,161,68,2,2
0,0,0,0,68,29,2,1
0,0,0,0,118,16,1,1
0,0,0,0,478,18,2,1
0,0,0,0,772,5,1,1
0,0,0,0,515,18,2,2
0,0,0,0,74,9,1,1
0,0,0,0,83,40,1,2
0,0,0,0,338,5,1,1
0,0,0,0,444,21,1,1
0,0,0,0,538,6,2,1
0,0,0,0,388,32,1,1
0,0,0,0,631,25,2,2
0,0,0,0,689,4,1,2
0,0,0,0,194,37,1,1
0,0,0,0,512,36,1,1
0,0,0,0,280,32,1,1
0,0,0,0,2,47,2,1
0,0,0,0,583,1,1,2
0,0,0,0,132,54,1,1
0,0,0,0,187,28,2,2
0,0,0,0,346,35,1,1
0,0,0,0,284,34,1,1
0,0,0,0,73,27,2,2
0,0,0,0,360,3,1,1
0,0,0,0,33,19,2,2
0,0,0,0,700,66,1,1
0,0,0,0,501,17,2,2
0,0,0,0,129,4,2,2
0,0,0,0,744,24,2,1
0,0,0,0,754,18,1,1
0,0,0,0,363,7,2,2
0,0,0,0,324,18,1,1
0,0,0,0,116,51,1,1
0,0,0,0,394,25,1,1
0,0,0,0,24,18,2,1
0,0,0,0,59,5,2,2
0,0,0,0,192,55,2,1
0,0,0,0,347,23,2,2
0,0,0,0,307,35,2,2
0,0,0,0,80,9,2,1
0,0,0,0,189,2,2,2
0,0,0,0,163,3,2,2
0,0,0,0,737,4,2,2
0,0,0,0,64,24,1,1
0,0,0,0,564,43,2,1
0,0,0,0,189,37,2,2
0,0,0,0,364,32,1,1
0,0,0,0,10,9,1,1
0,0,0,0,392,10,1,1
0,0,0,0,139,16,2,2
0,0,0,0,303,3,1,2
0,0,0,0,281,3,2,2
0,0,0,0,299,19,2,2
0,0,0,0,265,23,1,2
0,0,0,0,646,6,1,1
0,0,0,0,512,3,1,1
0,0,0,0,3,35,2,2
0,0,0,0,19,17,2,2
0,0,0,0,527,44,2,2
0,0,0,0,94,2,1,1
0,0,0,0,583,7,2,2
0,0,0,0,113,17,2,2
0,0,0,0,385,5,2,2
0,0,0,0,545,2,2,2
0,0,0,0,128,27,1,1
0,0,0,0,673,27,2,2
0,0,0,0,216,4,1,1
0,0,0,0,25,17,2,2
0,0,0,0,509,90,1,2
0,0,0,0,745,29,2,2
0,0,0,0,668,16,1,1
0,0,0,0,303,59,2,2
0,0,0,0,343,9,1,2
0,0,0,0,99,23,1,2
0,0,0,0,319,12,2,2
0,0,0,0,730,11,2,1
0,0,0,0,754,94,1,1
0,0,0,0,630,16,1,1
0,0,0,0,26,17,1,1
0,0,0,0,321,1,1,2
0,0,0,0,416,26,1,1
0,0,0,0,383,14,1,2
0,0,0,0,520,43,1,1
0,0,0,0,527,30,2,2
0,0,0,0,454,9,1,1
0,0,0,0,632,27,2,1
0,0,0,0,683,37,2,2
0,0,0,0,184,52,2,1
0,0,0,0,14,73,2,1
0,0,0,0,491,30,2,2
0,0,0,0,116,118,1,1
0,0,0,0,172,7,2,1
0,0,0,0,37,18,2,2
0,0,0,0,224,11,2,1
0,0,0,0,561,4,1,2
0,0,0,0,422,57,2,1
0,0,0,0,44,12,1,1
0,0,0,0,201,11,1,2
0,0,0,0,153,34,2,2
0,0,0,0,368,1,2,1
0,0,0,0,604,6,2,1
0,0,0,0,323,8,2,2
0,0,0,0,125,2,1,2
0,0,0,0,737,23,2,2
0,0,0,0,641,21,1,2
0,0,0,0,663,8,2,2
0,0,0,0,60,1,2,1
0,0,0,0,381,8,2,2
0,0,0,0,196,7,1,1
0,0,0,0,128,49,1,1
0,0,0,0,7,20,2,2
0,0,0,0,731,3,2,2
0,0,0,0,546,38,1,1
0,0,0,0,379,8,2,2
0,0,0,0,569,21,2,2
0,0,0,0,230,16,1,1
0,0,0,0,429,39,2,2
0,0,0,0,740,3,1,1
0,0,0,0,459,92,2,2
0,0,0,0,244,14,2,1
0,0,0,0,697,9,2,2
0,0,0,0,155,16,2,2
0,0,0,0,392,5,1,1
0,0,0,0,528,20,1,1
0,0,0,0,619,2,2,2
0,0,0,0,209,13,2,2
0,0,0,0,435,16,2,2
0,0,0,0,653,34,2,2
0,0,0,0,785,28,2,2
0,0,0,0,151,9,2,2
0,0,0,0,70,27,2,1
0,0,0,0,41,43,1,2
0,0,0,0,535,10,2,2
0,0,0,0,729,3,1,2
0,0,0,0,254,16,1,1
0,0,0,0,173,36,2,2
0,0,0,0,588,11,1,1
0,0,0,0,669,19,2,2
0,0,0,0,330,11,1,1
0,0,0,0,401,21,2,2
0,0,0,0,662,21,1,1
0,0,0,0,490,15,1,1
0,0,0,0,297,3,2,2
0,0,0,0,512,31,1,1
0,0,0,0,676,82,2,1
0,0,0,0,398,4,1,1
0,0,0,0,185,28,2,2
0,0,0,0,581,40,2,2
0,0,0,0,436,2,1,1
0,0,0,0,178,3,1,1
0,0,0,0,268,12,1,1
0,0,0,0,402,2,1,1
0,0,0,0,24,7,1,1
0,0,0,0,471,24,2,2
0,0,0,0,618,44,1,1
0,0,0,0,358,43,1,1
0,0,0,0,720,64,1,1
0,0,0,0,757,16,2,2
0,0,0,0,160,22,2,1
0,0,0,0,652,46,2,1
0,0,0,0,114,3,1,1
0,0,0,0,229,41,2,2
0,0,0,0,250,21,1,1
0,0,0,0,330,6,2,1
0,0,0,0,664,4,1,1
0,0,0,0,32,16,1,1
0,0,0,0,205,45,1,2
0,0,0,0,741,18,2,2
0,0,0,0,787,69,2,2
0,0,0,0,369,39,2,2
0,0,0,0,549,4,2,2
0,0,0,0,662,24,1,1
0,0,0,0,533,21,1,2
0,0,0,0,525,26,2,2
0,0,0,0,17,2,2,2
0,0,0,0,354,3,2,1
0,0,0,0,76,27,1,1
0,0,0,0,230,7,1,1
0,0,0,0,474,18,1,1
0,0,0,0,121,4,2,2
0,0,0,0,44,39,2,1
0,0,0,0,216,35,2,1
0,0,0,0,378,55,1,1
0,0,0,0,530,1,1,1
0,0,0,0,488,5,1,1
0,0,0,0,369,62,2,2
0,0,0,0,74,64,2,1
0,0,0,0,705,14,2,2
0,0,0,0,199,3,2,2
0,0,0,0,687,7,2,2
0,0,0,0,739,28,1,2
0,0,0,0,398,7,1,1
0,0,0,0,340,93,1,1
0,0,0,0,523,6,2,2
0,0,0,0,522,66,1,1
0,0,0,0,505,19,2,2
0,0,0,0,705,5,2,2
0,0,0,0,508,41,1,1
0,0,0,0,760,38,1,1
0,0,0,0,418,30,1,1
0,0,0,0,450,6,1,1
0,0,0,0,733,17,2,2
0,0,0,0,706,10,2,1
0,0,0,0,100,98,1,1
0,0,0,0,373,43,1,2
0,0,0,0,536,34,1,1
0,0,0,0,571,15,1,2
0,0,0,0,686,13,1,1
0,0,0,0,225,2,2,2
0,0,0,0,422,3,2,1
0,0,0,0,246,54,1,1
0,0,0,0,612,33,1,1
0,0,0,0,100,32,1,1
0,0,0,0,745,8,2,2
0,0,0,0,474,9,1,1
0,0,0,0,71,20,2,2
0,0,0,0,350,18,1,1
0,0,0,0,659,3,2,2
0,0,0,0,596,4,2,1
0,0,0,0,452,40,2,1
0,0,0,0,443,16,2,2
0,0,0,0,553,25,1,2
0,0,0,0,126,14,2,1
0,0,0,0,763,8,2,2
0,0,0,0,344,11,1,1
0,0,0,0,421,8,2,2
0,0,0,0,307,10,1,2
0,0,0,0,639,13,2,2
0,0,0,0,674,16,1,1
0,0,0,0,466,12,1,1
0,0,0,0,457,52,1,2
0,0,0,0,655,9,2,2
0,0,0,0,364,5,1,1
0,0,0,0,450,4,1,1
0,0,0,0,244,1,1,1
0,0,0,0,211,34,2,2
0,0,0,0,657,19,2,2
0,0,0,0,558,28,1,1
0,0,0,0,793,37,2,2
0,0,0,0,494,14,1,1
0,0,0,0,729,1,2,2
0,0,0,0,393,3,2,2
0,0,0,0,166,43,1,1
0,0,0,0,214,10,1,1
0,0,0,0,169,2,2,2
0,0,0,0,495,17,2,2
0,0,0,0,87,30,2,2
0,0,0,0,141,92,2,2
0,0,0,0,457,101,1,2
0,0,0,0,6,3,1,1
0,0,0,0,707,23,1,2
0,0,0,0,331,24,2,2
0,0,0,0,352,18,1,1
0,0,0,0,774,4,2,1
0,0,0,0,663,43,1,2
0,0,0,0,411,6,2,2
0,0,0,0,154,35,2,1
0,0,0,0,677,39,1,2
0,0,0,0,786,14,2,1
0,0,0,0,654,2,1,1
0,0,0,0,76,20,1,1
0,0,0,0,552,8,1,1
0,0,0,0,431,26,2,2
0,0,0,0,20,14,1,1
0,0,0,0,796,34,1,1
0,0,0,0,197,11,2,2
0,0,0,0,360,115,1,1
0,0,0,0,416,6,1,1
0,0,0,0,243,5,1,2
0,0,0,0,358,17,1,1
0,0,0,0,180,35,2,1
0,0,0,0,57,33,1,2
0,0,0,0,52,1,1,1
0,0,0,0,74,33,1,1
0,0,0,0,311,11,1,2
0,0,0,0,531,13,1,2
0,0,0,0,23,11,2,2
0,0,0,0,535,11,1,2
0,0,0,0,50,26,1,1
0,0,0,0,285,14,1,2
0,0,0,0,103,19,2,2
0,0,0,0,484,13,2,1
0,0,0,0,719,38,2,2
0,0,0,0,114,4,1,1
0,0,0,0,490,30,1,1
0,0,0,0,292,24,1,1
0,0,0,0,79,4,2,2
0,0,0,0,361,11,2,2
0,0,0,0,738,39,1,1
0,0,0,0,402,45,1,1
0,0,0,0,443,17,2,2
0,0,0,0,632,56,2,1
0,0,0,0,106,19,2,1
0,0,0,0,172,6,1,1
0,0,0,0,640,31,1,1
0,0,0,0,611,1,2,2
0,0,0,0,741,6,2,2
0,0,0,0,372,6,1,1
0,0,0,0,589,22,1,2
0,0,0,0,157,3,1,2
0,0,0,0,630,1,1,1
0,0,0,0,494,15,2,1
0,0,0,0,501,5,2,2
0,0,0,0,588,20,2,1
0,0,0,0,493,20,2,2
0,0,0,0,208,53,1,1
0,0,0,0,412,22,2,1
0,0,0,0,40,15,2,1
0,0,0,0,456,7,1,1
0,0,0,0,740,49,1,1
0,0,0,0,358,42,2,1
0,0,0,0,143,17,2,2
0,0,0,0,126,44,2,1
0,0,0,0,449,16,2,2
0,0,0,0,738,48,1,1
0,0,0,0,715,4,1,2
0,0,0,0,177,15,1,2
0,0,0,0,382,85,1,1
0,0,0,0,601,120,2,2
0,0,0,0,501,6,1,2
0,0,0,0,90,44,1,1
0,0,0,0,663,27,2,2
0,0,0,0,572,49,1,1
0,0,0,0,554,33,2,1
0,0,0,0,742,41,1,1
0,0,0,0,62,1,2,1
0,0,0,0,771,30,2,2
0,0,0,0,261,6,2,2
0,0,0,0,89,20,2,2
0,0,0,0,737,13,2,2
0,0,0,0,347,43,2,2
0,0,0,0,746,35,1,1
0,0,0,0,12,53,1,1
0,0,0,0,309,37,1,2
0,0,0,0,395,47,2,2
0,0,0,0,286,5,1,1
0,0,0,0,591,14,2,2
0,0,0,0,193,10,2,2
0,0,0,0,740,38,1,1
0,0,0,0,592,17,1,1
0,0,0,0,374,1,1,1
0,0,0,0,439,28,2,2
0,0,0,0,476,28,1,1
0,0,0,0,371,10,1,2
0,0,0,0,157,5,2,2
0,0,0,0,349,5,2,2
0,0,0,0,240,64,2,1
0,0,0,0,180,7,1,1
0,0,0,0,424,24,1,1
0,0,0,0,161,4,2,2
0,0,0,0,333,2,2,2
0,0,0,0,526,9,1,1
0,0,0,0,303,4,2,2
0,0,0,0,393,53,1,2
0,0,0,0,143,18,1,2
0,0,0,0,30,15,1,1
0,0,0,0,296,9,2,1
0,0,0,0,787,21,2,2
0,0,0,0,638,10,1,1
0,0,0,0,233,28,2,2
0,0,0,0,733,10,2,2
0,0,0,0,728,6,1,1
0,0,0,0,182,10,2,1
0,0,0,0,58,55,1,1
0,0,0,0,650,16,1,1
0,0,0,0,744,25,2,1
0,0,0,0,309,75,2,2
0,0,0,0,206,34,1,1
0,0,0,0,569,20,2,2
0,0,0,0,495,5,2,2
0,0,0,0,767,32,2,2
0,0,0,0,707,4,1,2
0,0,0,0,250,64,1,1
0,0,0,0,19,66,2,2
0,0,0,0,555,8,2,2
0,0,0,0,484,65,1,1
0,0,0,0,484,44,2,1
0,0,0,0,44,3,1,1
0,0,0,0,776,81,1,1
0,0,0,0,47,3,2,2
0,0,0,0,545,9,1,2
0,0,0,0,556,3,1,1
0,0,0,0,716,76,1,1
0,0,0,0,354,27,2,1
0,0,0,0,5,23,2,2
0,0,0,0,75,4,2,2
0,0,0,0,121,9,2,2
0,0,0,0,119,82,1,2
0,0,0,0,198,26,1,1
0,0,0,0,430,14,2,1
0,0,0,0,344,1,2,1
0,0,0,0,776,10,2,1
0,0,0,0,212,14,1,1
0,0,0,0,104,12,2,1
0,0,0,0,460,56,1,1
0,0,0,0,500,11,2,1
0,0,0,0,195,13,2,2
0,0,0,0,173,38,2,2
0,0,0,0,488,17,2,1
0,0,0,0,387,7,2,2
0,0,0,0,59,28,1,2
0,0,0,0,222,7,1,1
0,0,0,0,555,6,2,2
0,0,0,0,342,6,1,1
0,0,0,0,77,17,2,2
0,0,0,0,495,9,2,2
0,0,0,0,666,31,1,1
0,0,0,0,236,57,1,1
0,0,0,0,417,15,2,2
0,0,0,0,204,93,2,1
0,0,0,0,173,14,1,2
0,0,0,0,94,64,1,1
0,0,0,0,584,4,2,1
0,0,0,0,767,42,2,2
0,0,0,0,115,26,2,2
0,0,0,0,563,40,1,2
0,0,0,0,716,32,2,1
0,0,0,0,610,55,1,1
0,0,0,0,216,9,2,1
0,0,0,0,517,62,1,2
0,0,0,0,200,8,1,1
0,0,0,0,555,74,2,2
0,0,0,0,490,1,2,1
0,0,0,0,7,24,2,2
0,0,0,0,756,7,1,1
0,0,0,0,561,9,2,2
0,0,0,0,483,36,2,2
0,0,0,0,347,37,2,2
0,0,0,0,693,46,2,2
0,0,0,0,427,18,2,2
0,0,0,0,115,20,2,2
0,0,0,0,203,12,2,2
0,0,0,0,489,13,2,2
0,0,0,0,639,2,2,2
0,0,0,0,692,10,2,1
0,0,0,0,578,72,1,1
0,0,0,0,610,4,1,1
0,0,0,0,381,16,2,2
0,0,0,0,368,24,1,1
0,0,0,0,332,27,1,1
0,0,0,0,221,14,2,2
0,0,0,0,129,14,2,2
0,0,0,0,214,2,1,1
0,0,0,0,455,33,2,2
0,0,0,0,171,18,1,2
0,0,0,0,258,87,1,1
0,0,0,0,230,21,1,1
0,0,0,0,296,8,1,1
0,0,0,0,27,31,2,2
0,0,0,0,28,15,2,1
0,0,0,0,213,7,2,2
0,0,0,0,98,8,1,1
0,0,0,0,115,4,1,2
0,0,0,0,378,26,1,1
0,0,0,0,188,1,1,1
0,0,0,0,697,15,1,2
0,0,0,0,681,3,2,2
0,0,0,0,290,4,2,1
0,0,0,0,322,20,1,1
0,0,0,0,370,16,1,1
0,0,0,0,502,14,2,1
0,0,0,0,157,34,2,2
0,0,0,0,66,3,1,1
0,0,0,0,41,9,1,2
0,0,0,0,726,12,2,1
0,0,0,0,141,12,2,2
0,0,0,0,7,6,1,2
0,0,0,0,178,6,1,1
0,0,0,0,18,77,1,1
0,0,0,0,17,29,2,2
0,0,0,0,383,3,1,2
0,0,0,0,119,22,1,2
0,0,0,0,694,37,1,1
0,0,0,0,460,5,1,1
0,0,0,0,697,51,2,2
0,0,0,0,149,20,2,2
0,0,0,0,359,4,1,2
0,0,0,0,507,4,2,2
0,0,0,0,631,15,2,2
0,0,0,0,260,19,2,1
0,0,0,0,314,9,2,1
0,0,0,0,762,16,1,1
0,0,0,0,543,5,1,2
0,0,0,0,32,29,1,1
0,0,0,0,561,5,2,2
0,0,0,0,645,27,2,2
0,0,0,0,48,18,1,1
0,0,0,0,340,25,1,1
0,0,0,0,454,42,2,1
0,0,0,0,86,51,1,1
0,0,0,0,19,25,1,2
0,0,0,0,312,3,1,1
0,0,0,0,795,41,2,2
0,0,0,0,596,5,1,1
0,0,0,0,208,4,1,1
0,0,0,0,265,7,2,2
0,0,0,0,661,30,2,2
0,0,0,0,146,46,2,1
0,0,0,0,743,41,2,2
0,0,0,0,773,27,2,2
0,0,0,0,800,15,1,1
0,0,0,0,750,46,1,1
0,0,0,0,101,43,1,2
0,0,0,0,487,32,2,2
0,0,0,0,329,1,1,2
0,0,0,0,442,2,1,1
0,0,0,0,201,13,2,2
0,0,0,0,665,65,1,2
0,0,0,0,345,1,2,2
0,0,0,0,684,19,2,1
0,0,0,0,88,1,1,1
0,0,0,0,797,60,2,2
0,0,0,0,35,3,1,2
0,0,0,0,108,20,1,1
0,0,0,0,149,19,1,2
0,0,0,0,251,42,1,2
0,0,0,0,670,25,1,1
0,0,0,0,311,12,2,2
0,0,0,0,178,47,2,1
0,0,0,0,322,40,2,1
0,0,0,0,12,31,1,1
0,0,0,0,577,31,2,2
0,0,0,0,694,15,2,1
0,0,0,0,507,61,2,2
0,0,0,0,588,24,1,1
0,0,0,0,199,11,1,2
0,0,0,0,154,46,2,1
0,0,0,0,327,17,2,2
0,0,0,0,515,15,2,2
0,0,0,0,128,44,1,1
0,0,0,0,667,2,2,2
0,0,0,0,552,45,1,1
0,0,0,0,208,35,1,1
0,0,0,0,482,16,1,1
0,0,0,0,606,5,1,1
0,0,0,0,329,10,2,2
0,0,0,0,734,22,2,1
0,0,0,0,592,38,1,1
0,0,0,0,151,26,2,2
0,0,0,0,52,4,1,1
0,0,0,0,259,12,2,2
0,0,0,0,296,73,1,1
0,0,0,0,584,23,2,1
0,0,0,0,348,33,2,1
0,0,0,0,566,17,1,1
0,0,0,0,147,34,2,2
0,0,0,0,300,26,1,1
0,0,0,0,787,14,2,2
0,0,0,0,767,7,2,2
0,0,0,0,744,45,1,1
0,0,0,0,50,11,1,1
0,0,0,0,367,11,2,2
0,0,0,0,455,13,1,2
0,0,0,0,407,7,2,2
0,0,0,0,455,46,2,2
0,0,0,0,725,28,2,2
0,0,0,0,659,28,2,2
0,0,0,0,271,33,2,2
0,0,0,0,561,19,2,2
0,0,0,0,201,6,1,2
0,0,0,0,314,21,1,1
0,0,0,0,241,13,2,2
0,0,0,0,743,10,2,2
0,0,0,0,478,5,1,1
0,0,0,0,77,24,2,2
0,0,0,0,125,7,2,2
0,0,0,0,328,6,1,1
0,0,0,0,687,56,2,2
0,0,0,0,353,40,1,2
0,0,0,0,16,3,2,1
0,0,0,0,211,63,2,2
0,0,0,0,483,20,1,2
0,0,0,0,424,15,1,1
0,0,0,0,275,19,2,2
0,0,0,0,158,19,1,1
0,0,0,0,799,10,2,2
0,0,0,0,25,5,2,2
0,0,0,0,676,24,2,1
0,0,0,0,382,11,2,1
0,0,0,0,765,13,2,2
0,0,0,0,133,6,1,2
0,0,0,0,749,16,2,2
0,0,0,0,453,4,1,2
0,0,0,0,634,63,1,1
0,0,0,0,398,19,1,1
0,0,0,0,47,11,2,2
0,0,0,0,253,13,1,2
0,0,0,0,634,4,1,1
0,0,0,0,262,6,1,1
0,0,0,0,315,7,2,2
0,0,0,0,788,3,1,1
0,0,0,0,326,3,1,1
0,0,0,0,639,15,1,2
0,0,0,0,82,27,2,1
0,0,0,0,19,2,2,2
0,0,0,0,703,9,2,2
0,0,0,0,337,22,2,2
0,0,0,0,462,9,2,1
0,0,0,0,297,23,2,2
0,0,0,0,300,13,1,1
0,0,0,0,468,42,1,1
0,0,0,0,393,8,2,2
0,0,0,0,343,24,1,2
0,0,0,0,750,3,1,1
0,0,0,0,6,43,2,1
0,0,0,0,384,15,1,1
0,0,0,0,781,17,2,2
0,0,0,0,771,37,2,2
0,0,0,0,143,28,2,2
0,0,0,0,440,22,1,1
0,0,0,0,649,20,2,2
0,0,0,0,91,7,2,2
0,0,0,0,195,10,2,2
0,0,0,0,412,99,2,1
0,0,0,0,276,3,1,1
0,0,0,0,209,77,2,2
0,0,0,0,674,40,1,1
0,0,0,0,300,18,1,1
0,0,0,0,544,19,1,1
0,0,0,0,306,2,1,1
0,0,0,0,619,3,2,2
0,0,0,0,176,29,1,1
0,0,0,0,274,9,1,1
0,0,0,0,619,28,2,2
0,0,0,0,430,16,1,1
0,0,0,0,738,4,1,1
0,0,0,0,608,2,1,1
0,0,0,0,77,10,2,2
0,0,0,0,607,10,2,2
0,0,0,0,558,22,2,1
0,0,0,0,328,26,1,1
0,0,0,0,384,5,1,1
0,0,0,0,376,4,2,1
0,0,0,0,793,52,2,2
0,0,0,0,153,8,2,2
0,0,0,0,389,5,1,2
0,0,0,0,124,19,1,1
0,0,0,0,614,45,2,1
0,0,0,0,456,42,2,1
0,0,0,0,178,64,1,1
0,0,0,0,237,6,1,2
0,0,0,0,386,9,1,1
0,0,0,0,666,4,2,1
0,0,0,0,83,9,2,2
0,0,0,0,569,14,2,2
0,0,0,0,290,87,1,1
0,0,0,0,214,48,1,1
0,0,0,0,662,29,1,1
0,0,0,0,722,12,1,1
0,0,0,0,327,49,2,2
0,0,0,0,527,11,2,2
0,0,0,0,1,5,1,2
0,0,0,0,753,18,2,2
0,0,0,0,138,13,2,1
0,0,0,0,222,16,1,1
0,0,0,0,247,28,1,2
0,0,0,0,78,3,1,1
0,0,0,0,695,11,1,2
0,0,0,0,557,36,1,2
0,0,0,0,70,11,2,1
0,0,0,0,588,33,1,1
0,0,0,0,192,9,2,1
0,0,0,0,568,55,1,1
0,0,0,0,689,23,1,2
0,0,0,0,465,17,1,2
0,0,0,0,432,89,1,1
0,0,0,0,320,4,2,1
0,0,0,0,17,7,1,2
0,0,0,0,591,35,2,2
0,0,0,0,409,94,2,2
0,0,0,0,226,32,1,1
0,0,0,0,63,22,1,2
0,0,0,0,148,12,1,1
0,0,0,0,607,7,2,2
0,0,0,0,218,85,1,1
0,0,0,0,713,5,1,2
0,0,0,0,150,11,1,1
0,0,0,0,617,33,2,2
0,0,0,0,483,19,2,2
0,0,0,0,522,57,1,1
0,0,0,0,151,1,2,2
0,0,0,0,210,7,1,1
0,0,0,0,770,7,1,1
0,0,0,0,399,1,1,2
0,0,0,0,356,35,1,1
0,0,0,0,163,8,2,2
0,0,0,0,41,19,2,2
0,0,0,0,531,5,2,2
0,0,0,0,294,15,1,1
0,0,0,0,254,28,1,1
0,0,0,0,495,10,2,2
0,0,0,0,3,37,2,2
0,0,0,0,70,3,1,1
0,0,0,0,577,6,2,2
0,0,0,0,733,16,2,2
0,0,0,0,582,23,1,1
0,0,0,0,414,2,1,1
0,0,0,0,714,64,1,1
0,0,0,0,707,15,2,2
0,0,0,0,61,12,2,2
0,0,0,0,448,5,2,1
0,0,0,0,770,54,1,1
0,0,0,0,66,23,1,1
0,0,0,0,279,32,2,2
0,0,0,0,670,9,2,1
0,0,0,0,300,37,2,1
0,0,0,0,348,15,2,1
0,0,0,0,585,16,2,2
0,0,0,0,795,49,2,2
0,0,0,0,291,20,1,2
0,0,0,0,270,8,1,1
0,0,0,0,351,12,2,2
0,0,0,0,519,87,2,2
0,0,0,0,761,61,1,2
0,0,0,0,607,12,2,2
0,0,0,0,366,3,1,1
0,0,0,0,199,35,2,2
0,0,0,0,489,6,2,2
0,0,0,0,789,14,2,2
0,0,0,0,56,51,1,1
0,0,0,0,187,31,2,2
0,0,0,0,786,37,2,1
0,0,0,0,42,28,2,1
0,0,0,0,321,43,2,2
0,0,0,0,46,59,1,1
0,0,0,0,596,12,1,1
0,0,0,0,478,4,1,1
0,0,0,0,486,43,1,1
0,0,0,0,131,39,2,2
0,0,0,0,774,24,1,1
0,0,0,0,435,46,2,2
0,0,0,0,635,8,2,2
0,0,0,0,418,35,1,1
0,0,0,0,691,28,2,2
0,0,0,0,468,94,1,1
0,0,0,0,589,24,2,2
0,0,0,0,366,83,1,1
0,0,0,0,206,40,2,1
0,0,0,0,159,54,2,2
0,0,0,0,153,69,1,2
0,0,0,0,694,18,1,1
0,0,0,0,762,40,1,1
0,0,0,0,34,34,2,1
0,0,0,0,485,3,1,2
0,0,0,0,435,5,2,2
0,0,0,0,68,27,1,1
0,0,0,0,284,3,1,1
0,0,0,0,433,10,2,2
0,0,0,0,791,13,2,2
0,0,0,0,209,3,2,2
0,0,0,0,431,5,1,2
0,0,0,0,392,24,1,1
0,0,0,0,354,64,2,1
0,0,0,0,329,15,2,2
0,0,0,0,619,17,2,2
0,0,0,0,84,10,1,1
0,0,0,0,682,14,1,1
0,0,0,0,746,24,2,1
0,0,0,0,656,41,1,1
0,0,0,0,312,50,2,1
0,0,0,0,474,43,1,1
0,0,0,0,361,58,2,2
0,0,0,0,62,2,1,1
0,0,0,0,21,29,2,2
0,0,0,0,34,12,1,1
0,0,0,0,772,21,2,1
0,0,0,0,173,6,2,2
0,0,0,0,56,45,1,1
0,0,0,0,378,5,1,1
0,0,0,0,454,12,2,1
0,0,0,0,557,20,2,2
0,0,0,0,751,2,2,2
0,0,0,0,387,10,1,2
0,0,0,0,660,24,1,1
0,0,0,0,552,58,1,1
0,0,0,0,544,4,1,1
0,0,0,0,102,26,2,1
0,0,0,0,436,3,1,1
0,0,0,0,176,25,1,1
0,0,0,0,763,37,2,2
0,0,0,0,351,8,2,2
0,0,0,0,78,31,1,1
0,0,0,0,406,2,1,1
0,0,0,0,602,14,1,1
0,0,0,0,126,23,2,1
0,0,0,0,595,22,1,2
0,0,0,0,202,48,1,1
0,0,0,0,76,61,2,1
0,0,0,0,712,44,1,1
0,0,0,0,583,13,2,2
0,0,0,0,177,33,2,2
0,0,0,0,234,10,1,1
0,0,0,0,461,21,2,2
0,0,0,0,392,14,2,1
0,0,0,0,216,60,1,1
0,0,0,0,578,21,2,1
0,0,0,0,748,42,1,1
0,0,0,0,711,25,2,2
0,0,0,0,162,13,1,1
0,0,0,0,375,36,2,2
0,0,0,0,504,28,2,1
0,0,0,0,26,96,1,1
0,0,0,0,170,10,2,1
0,0,0,0,448,42,1,1
0,0,0,0,695,6,2,2
0,0,0,0,450,47,2,1
0,0,0,0,583,3,2,2
0,0,0,0,453,8,2,2
0,0,0,0,749,11,1,2
0,0,0,0,738,27,1,1
0,0,0,0,58,7,1,1
0,0,0,0,136,1,2,1
0,0,0,0,275,34,2,2
0,0,0,0,65,13,2,2
0,0,0,0,761,1,2,2
0,0,0,0,223,105,2,2
0,0,0,0,76,11,1,1
0,0,0,0,511,14,2,2
0,0,0,0,280,64,2,1
0,0,0,0,752,38,1,1
0,0,0,0,589,15,2,2
0,0,0,0,117,1,2,2
0,0,0,0,252,8,1,1
0,0,0,0,36,3,1,1
0,0,0,0,95,7,2,2
0,0,0,0,188,26,2,1
0,0,0,0,50,8,1,1
0,0,0,0,30,11,1,1
0,0,0,0,429,28,1,2
0,0,0,0,501,41,2,2
0,0,0,0,124,4,1,1
0,0,0,0,741,20,2,2
0,0,0,0,444,57,1,1
0,0,0,0,115,8,2,2
0,0,0,0,29,1,1,2
0,0,0,0,363,1,1,2
0,0,0,0,570,34,2,1
0,0,0,0,470,39,1,1
0,0,0,0,436,95,2,1
0,0,0,0,318,23,2,1
0,0,0,0,597,14,1,2
0,0,0,0,357,15,2,2
0,0,0,0,448,9,1,1
0,0,0,0,1,23,2,2
0,0,0,0,759,9,1,2
0,0,0,0,689,3,2,2
0,0,0,0,264,13,1,1
0,0,0,0,97,37,2,2
0,0,0,0,680,9,2,1
0,0,0,0,562,7,1,1
0,0,0,0,538,4,2,1
0,0,0,0,527,39,2,2
0,0,0,0,681,7,2,2
0,0,0,0,739,39,2,2
0,0,0,0,421,4,1,2
0,0,0,0,564,33,1,1
0,0,0,0,503,29,2,2
0,0,0,0,489,41,2,2
0,0,0,0,213,11,2,2
0,0,0,0,551,56,1,2
0,0,0,0,96,21,2,1
0,0,0,0,355,23,2,2
0,0,0,0,24,24,1,1
0,0,0,0,235,19,2,2
0,0,0,0,102,40,2,1
0,0,0,0,566,51,1,1
0,0,0,0,328,11,1,1
0,0,0,0,520,12,2,1
0,0,0,0,101,22,1,2
0,0,0,0,400,27,1,1
0,0,0,0,367,27,1,2
0,0,0,0,792,54,2,1
0,0,0,0,670,16,1,1
0,0,0,0,720,4,2,1
0,0,0,0,780,27,1,1
0,0,0,0,775,9,2,2
0,0,0,0,564,27,1,1
0,0,0,0,576,68,1,1
0,0,0,0,224,8,1,1
0,0,0,0,571,5,1,2
0,0,0,0,221,54,2,2
0,0,0,0,745,5,2,2
0,0,0,0,376,14,2,1
0,0,0,0,580,3,1,1
0,0,0,0,216,3,1,1
0,0,0,0,505,8,2,2
0,0,0,0,413,11,2,2
0,0,0,0,384,35,1,1
0,0,0,0,709,39,2,2
0,0,0,0,248,15,2,1
0,0,0,0,490,53,1,1
0,0,0,0,327,15,2,2
0,0,0,0,614,16,1,1
0,0,0,0,274,34,1,1
0,0,0,0,426,2,1,1
0,0,0,0,268,84,1,1
0,0,0,0,367,1,2,2
0,0,0,0,109,14,1,2
0,0,0,0,731,42,2,2
0,0,0,0,488,70,2,1
0,0,0,0,615,16,2,2
0,0,0,0,288,58,1,1
0,0,0,0,631,84,1,2
0,0,0,0,434,8,1,1
0,0,0,0,506,35,1,1
0,0,0,0,607,39,2,2
0,0,0,0,665,7,2,2
0,0,0,0,685,117,1,2
0,0,0,0,42,1,2,1
0,0,0,0,320,20,2,1
0,0,0,0,710,32,1,1
0,0,0,0,404,6,1,1
0,0,0,0,474,80,1,1
0,0,0,0,196,17,1,1
0,0,0,0,97,49,2,2
0,0,0,0,419,22,2,2
0,0,0,0,646,7,2,1
0,0,0,0,436,15,1,1
0,0,0,0,748,17,1,1
0,0,0,0,290,2,1,1
0,0,0,0,767,11,2,2
0,0,0,0,742,1,1,1
0,0,0,0,791,28,2,2
0,0,0,0,672,64,2,1
0,0,0,0,335,3,2,2
0,0,0,0,57,16,2,2
0,0,0,0,236,5,1,1
0,0,0,0,132,7,1,1
0,0,0,0,684,42,1,1
0,0,0,0,510,31,1,1
0,0,0,0,58,1,2,1
0,0,0,0,423,17,2,2
0,0,0,0,467,4,1,2
0,0,0,0,736,10,1,1
0,0,0,0,139,11,1,2
0,0,0,0,264,7,1,1
0,0,0,0,464,29,1,1
0,0,0,0,567,11,2,2
0,0,0,0,423,8,2,2
0,0,0,0,167,8,2,2
0,0,0,0,242,73,2,1
0,0,0,0,755,2,2,2
0,0,0,0,585,54,1,2
0,0,0,0,581,20,2,2
0,0,0,0,43,6,2,2
0,0,0,0,401,8,2,2
0,0,0,0,601,41,2,2
0,0,0,0,230,23,1,1
0,0,0,0,610,41,1,1
0,0,0,0,309,32,2,2
0,0,0,0,70,60,2,1
0,0,0,0,69,3,2,2
0,0,0,0,662,37,2,1
0,0,0,0,256,8,1,1
0,0,0,0,225,10,1,2
0,0,0,0,390,3,1,1
0,0,0,0,597,12,1,2
0,0,0,0,668,40,2,1
0,0,0,0,357,29,2,2
0,0,0,0,701,69,2,2
0,0,0,0,499,6,1,2
0,0,0,0,124,12,2,1
0,0,0,0,7,51,2,2
0,0,0,0,246,4,1,1
0,0,0,0,518,16,1,1
0,0,0,0,740,1,1,1
0,0,0,0,351,16,2,2
0,0,0,0,564,14,1,1
0,0,0,0,235,2,2,2
0,0,0,0,218,3,2,1
0,0,0,0,200,3,1,1
0,0,0,0,666,6,1,1
0,0,0,0,463,30,2,2
0,0,0,0,368,11,1,1
0,0,0,0,776,29,1,1
0,0,0,0,768,33,1,1
0,0,0,0,751,36,2,2
0,0,0,0,398,51,2,1
0,0,0,0,172,13,1,1
0,0,0,0,664,28,1,1
0,0,0,0,332,14,2,1
0,0,0,0,301,5,1,2
0,0,0,0,700,22,2,1
0,0,0,0,270,5,2,1
0,0,0,0,76,23,1,1
0,0,0,0,411,13,2,2
0,0,0,0,142,42,1,1
0,0,0,0,357,36,2,2
0,0,0,0,412,20,1,1
0,0,0,0,385,16,2,2
0,0,0,0,522,88,1,1
0,0,0,0,36,55,2,1
0,0,0,0,246,1,1,1
0,0,0,0,151,3,2,2
0,0,0,0,587,29,1,2
0,0,0,0,519,6,2,2
0,0,0,0,1,14,2,2
0,0,0,0,750,36,2,1
0,0,0,0,335,15,2,2
0,0,0,0,156,2,1,1
0,0,0,0,465,27,2,2
0,0,0,0,627,13,2,2
0,0,0,0,450,3,1,1
0,0,0,0,373,24,1,2
0,0,0,0,423,6,2,2
0,0,0,0,5,3,2,2
0,0,0,0,51,18,2,2
0,0,0,0,651,16,2,2
0,0,0,0,681,9,2,2
0,0,0,0,143,23,1,2
0,0,0,0,192,2,1,1
0,0,0,0,735,20,1,2
0,0,0,0,553,17,2,2
0,0,0,0,359,33,1,2
0,0,0,0,431,10,2,2
0,0,0,0,551,31,2,2
0,0,0,0,337,6,2,2
0,0,0,0,538,32,1,1
0,0,0,0,709,5,2,2
0,0,0,0,360,9,1,1
0,0,0,0,91,2,2,2
0,0,0,0,450,11,2,1
0,0,0,0,670,60,1,1
0,0,0,0,718,64,1,1
0,0,0,0,210,17,1,1
0,0,0,0,391,9,1,2
0,0,0,0,169,26,2,2
0,0,0,0,567,63,2,2
0,0,0,0,636,13,1,1
0,0,0,0,559,28,1,2
0,0,0,0,55,18,2,2
0,0,0,0,372,109,1,1
0,0,0,0,349,33,1,2
0,0,0,0,527,27,2,2
0,0,0,0,174,16,1,1
0,0,0,0,787,32,2,2
0,0,0,0,697,18,2,2
0,0,0,0,441,31,2,2
0,0,0,0,157,21,2,2
0,0,0,0,82,13,2,1
0,0,0,0,706,23,2,1
0,0,0,0,730,2,1,1
0,0,0,0,203,14,2,2
0,0,0,0,221,11,2,2
0,0,0,0,51,25,2,2
0,0,0,0,730,79,1,1
0,0,0,0,319,106,1,2
0,0,0,0,339,40,1,2
0,0,0,0,429,17,2,2
0,0,0,0,459,27,2,2
0,0,0,0,285,3,2,2
0,0,0,0,641,7,2,2
0,0,0,0,596,7,1,1
0,0,0,0,8,15,1,1
0,0,0,0,755,3,2,2
0,0,0,0,579,6,2,2
0,0,0,0,536,56,1,1
0,0,0,0,357,21,2,2
0,0,0,0,780,36,1,1
0,0,0,0,377,15,2,2
0,0,0,0,644,1,1,1
0,0,0,0,235,20,2,2
0,0,0,0,270,10,1,1
0,0,0,0,72,12,1,1
0,0,0,0,271,10,2,2
0,0,0,0,670,40,2,1
0,0,0,0,26,14,1,1
0,0,0,0,452,23,2,1
0,0,0,0,724,7,1,1
0,0,0,0,579,10,2,2
0,0,0,0,596,1,1,1
0,0,0,0,159,16,2,2
0,0,0,0,653,6,2,2
0,0,0,0,544,14,1,1
0,0,0,0,735,14,2,2
0,0,0,0,230,5,1,1
0,0,0,0,323,81,2,2
0,0,0,0,253,19,2,2
0,0,0,0,503,24,1,2
0,0,0,0,607,20,1,2
0,0,0,0,186,58,1,1
0,0,0,0,70,15,1,1
0,0,0,0,186,115,1,1
0,0,0,0,211,14,2,2
0,0,0,0,265,47,2,2
0,0,0,0,108,17,1,1
0,0,0,0,270,11,1,1
0,0,0,0,563,21,1,2
0,0,0,0,429,23,2,2
0,0,0,0,660,29,1,1
0,0,0,0,711,10,2,2
0,0,0,0,656,34,2,1
0,0,0,0,518,4,2,1
0,0,0,0,132,26,1,1
0,0,0,0,162,63,2,1
0,0,0,0,245,82,2,2
0,0,0,0,476,8,1,1
0,0,0,0,370,29,1,1
0,0,0,0,164,8,1,1
0,0,0,0,314,117,1,1
0,0,0,0,479,49,2,2
0,0,0,0,521,16,2,2
0,0,0,0,532,64,2,1
0,0,0,0,566,13,2,1
0,0,0,0,139,41,2,2
0,0,0,0,59,9,1,2
0,0,0,0,513,10,2,2
0,0,0,0,183,15,2,2
0,0,0,0,321,31,2,2
0,0,0,0,679,6,1,2
0,0,0,0,174,9,1,1
0,0,0,0,328,9,1,1
0,0,0,0,639,54,1,2
0,0,0,0,661,49,1,2
0,0,0,0,111,14,1,2
0,0,0,0,747,22,1,2
0,0,0,0,325,43,2,2
0,0,0,0,786,10,2,1
0,0,0,0,145,36,2,2
0,0,0,0,245,11,2,2
0,0,0,0,604,54,1,1
0,0,0,0,492,24,1,1
0,0,0,0,572,12,2,1
0,0,0,0,390,7,1,1
0,0,0,0,124,28,1,1
0,0,0,0,129,5,1,2
0,0,0,0,698,20,2,1
0,0,0,0,611,24,2,2
0,0,0,0,108,5,1,1
0,0,0,0,798,9,2,1
0,0,0,0,730,9,1,1
0,0,0,0,524,60,1,1
0,0,0,0,90,66,2,1
0,0,0,0,152,22,2,1
0,0,0,0,515,9,2,2
0,0,0,0,92,2,1,1
0,0,0,0,294,4,1,1
0,0,0,0,453,16,2,2
0,0,0,0,358,18,1,1
0,0,0,0,86,57,1,1
0,0,0,0,377,11,1,2
0,0,0,0,428,18,1,1
0,0,0,0,74,31,1,1
0,0,0,0,390,5,1,1
0,0,0,0,161,61,1,2
0,0,0,0,537,51,2,2
0,0,0,0,708,65,1,1
0,0,0,0,622,1,1,1
0,0,0,0,698,3,1,1
0,0,0,0,360,13,2,1
0,0,0,0,532,2,1,1
0,0,0,0,79,9,1,2
0,0,0,0,106,108,1,1
0,0,0,0,599,32,2,2
0,0,0,0,594,18,2,1
0,0,0,0,280,7,1,1
0,0,0,0,406,20,1,1
0,0,0,0,167,39,1,2
0,0,0,0,426,20,1,1
0,0,0,0,10,8,1,1
0,0,0,0,54,25,2,1
0,0,0,0,551,3,2,2
0,0,0,0,457,15,2,2
0,0,0,0,38,15,1,1
0,0,0,0,366,13,1,1
0,0,0,0,92,6,2,1
0,0,0,0,431,15,2,2
0,0,0,0,66,19,1,1
0,0,0,0,297,20,1,2
0,0,0,0,681,25,2,2
0,0,0,0,274,2,1,1
0,0,0,0,502,9,1,1
0,0,0,0,286,14,2,1
0,0,0,0,605,19,1,2
0,0,0,0,143,14,1,2
0,0,0,0,731,16,2,2
0,0,0,0,550,14,1,1
0,0,0,0,63,62,2,2
0,0,0,0,464,7,1,1
0,0,0,0,414,1,1,1
0,0,0,0,429,8,2,2
0,0,0,0,555,27,2,2
0,0,0,0,45,85,2,2
0,0,0,0,541,31,2,2
0,0,0,0,125,14,1,2
0,0,0,0,257,13,2,2
0,0,0,0,599,30,2,2
0,0,0,0,287,5,2,2
0,0,0,0,474,19,2,1
0,0,0,0,644,62,1,1
0,0,0,0,340,18,1,1
0,0,0,0,644,39,2,1
0,0,0,0,187,9,2,2
0,0,0,0,65,50,2,2
0,0,0,0,390,14,1,1
0,0,0,0,3,31,2,2
0,0,0,0,654,31,1,1
0,0,0,0,180,3,2,1
0,0,0,0,536,1,1,1
0,0,0,0,374,16,1,1
0,0,0,0,97,18,2,2
0,0,0,0,94,7,1,1
0,0,0,0,772,6,1,1
0,0,0,0,32,2,1,1
0,0,0,0,537,22,2,2
0,0,0,0,497,50,2,2
0,0,0,0,751,42,2,2
0,0,0,0,642,13,1,1
0,0,0,0,51,10,2,2
0,0,0,0,87,48,2,2
0,0,0,0,523,47,1,2
0,0,0,0,266,73,2,1
0,0,0,0,481,10,2,2
0,0,0,0,616,10,2,1
0,0,0,0,295,25,2,2
0,0,0,0,398,40,1,1
0,0,0,0,235,21,1,2
0,0,0,0,458,43,1,1
0,0,0,0,303,14,2,2
0,0,0,0,392,59,2,1
0,0,0,0,626,14,1,1
0,0,0,0,683,30,2,2
0,0,0,0,236,30,1,1
0,0,0,0,81,11,1,2
0,0,0,0,405,33,2,2
0,0,0,0,604,3,1,1
0,0,0,0,714,8,1,1
0,0,0,0,56,9,2,1
0,0,0,0,560,1,1,1
0,0,0,0,383,16,2,2
0,0,0,0,701,24,2,2
0,0,0,0,165,39,2,2
0,0,0,0,127,35,1,2
0,0,0,0,179,52,1,2
0,0,0,0,565,21,2,2
0,0,0,0,127,3,2,2
0,0,0,0,52,8,1,1
0,0,0,0,324,8,1,1
0,0,0,0,602,29,1,1
0,0,0,0,684,51,1,1
0,0,0,0,798,19,2,1
0,0,0,0,410,52,1,1
0,0,0,0,597,27,1,2
0,0,0,0,410,41,1,1
0,0,0,0,189,1,1,2
0,0,0,0,419,4,1,2
0,0,0,0,741,61,1,2
0,0,0,0,108,76,2,1
0,0,0,0,347,14,2,2
0,0,0,0,188,7,2,1
0,0,0,0,222,12,1,1
0,0,0,0,638,59,2,1
0,0,0,0,674,13,1,1
0,0,0,0,45,11,2,2
0,0,0,0,149,5,2,2
0,0,0,0,82,16,1,1
0,0,0,0,645,9,1,2
0,0,0,0,745,22,2,2
0,0,0,0,61,114,2,2
0,0,0,0,699,2,1,2
0,0,0,0,34,1,1,1
0,0,0,0,113,9,2,2
0,0,0,0,520,7,1,1
0,0,0,0,768,24,1,1
0,0,0,0,292,7,2,1
0,0,0,0,314,35,1,1
0,0,0,0,267,17,2,2
0,0,0,0,400,3,1,1
0,0,0,0,602,4,1,1
0,0,0,0,783,13,2,2
0,0,0,0,125,18,2,2
0,0,0,0,164,22,1,1
0,0,0,0,262,32,1,1
0,0,0,0,798,6,1,1
0,0,0,0,361,47,2,2
0,0,0,0,99,43,2,2
0,0,0,0,319,14,2,2
0,0,0,0,367,17,2,2
0,0,0,0,73,10,1,2
0,0,0,0,419,37,2,2
0,0,0,0,600,88,1,1
0,0,0,0,99,14,2,2
0,0,0,0,703,5,2,2
0,0,0,0,483,1,2,2
0,0,0,0,750,12,2,1
0,0,0,0,399,3,2,2
0,0,0,0,83,21,1,2
0,0,0,0,413,1,1,2
0,0,0,0,662,43,1,1
0,0,0,0,451,8,2,2
0,0,0,0,267,25,2,2
0,0,0,0,446,3,1,1
0,0,0,0,154,22,2,1
0,0,0,0,342,12,1,1
0,0,0,0,542,34,1,1
0,0,0,0,771,31,2,2
0,0,0,0,359,35,2,2
0,0,0,0,716,19,1,1
0,0,0,0,540,11,1,1
0,0,0,0,737,18,2,2
0,0,0,0,326,25,1,1
0,0,0,0,579,31,2,2
0,0,0,0,239,50,1,2
0,0,0,0,228,21,2,1
0,0,0,0,302,9,1,1
0,0,0,0,718,22,2,1
0,0,0,0,484,2,1,1
0,0,0,0,575,27,2,2
0,0,0,0,731,25,2,2
0,0,0,0,273,41,2,2
0,0,0,0,234,25,1,1
0,0,0,0,214,6,2,1
0,0,0,0,699,27,2,2
0,0,0,0,752,15,1,1
0,0,0,0,192,84,2,1
0,0,0,0,519,4,2,2
0,0,0,0,88,26,2,1
0,0,0,0,704,22,1,1
0,0,0,0,413,37,2,2
0,0,0,0,720,3,1,1
0,0,0,0,509,23,1,2
0,0,0,0,378,10,1,1
0,0,0,0,104,10,1,1
0,0,0,0,154,4,1,1
0,0,0,0,524,18,1,1
0,0,0,0,132,24,2,1
0,0,0,0,381,28,2,2
0,0,0,0,714,51,1,1
0,0,0,0,520,24,1,1
0,0,0,0,607,111,2,2
0,0,0,0,258,5,1,1
0,0,0,0,492,7,1,1
0,0,0,0,689,2,2,2
0,0,0,0,396,5,1,1
0,0,0,0,761,3,1,2
0,0,0,0,752,18,1,1
0,0,0,0,575,19,2,2
0,0,0,0,331,59,2,2
0,0,0,0,276,38,1,1
0,0,0,0,672,6,2,1
0,0,0,0,195,1,2,2
0,0,0,0,540,25,2,1
0,0,0,0,336,30,1,1
0,0,0,0,617,25,1,2
0,0,0,0,746,7,1,1
0,0,0,0,275,9,2,2
0,0,0,0,10,6,1,1
0,0,0,0,727,32,2,2
0,0,0,0,302,6,1,1
0,0,0,0,295,44,2,2
0,0,0,0,430,47,1,1
0,0,0,0,546,6,2,1
0,0,0,0,75,15,2,2
0,0,0,0,531,56,1,2
0,0,0,0,7,11,2,2
0,0,0,0,55,9,1,2
0,0,0,0,397,71,2,2
0,0,0,0,638,4,1,1
0,0,0,0,238,15,1,1
0,0,0,0,41,21,1,2
0,0,0,0,676,9,1,1
0,0,0,0,35,5,1,2
0,0,0,0,136,20,2,1
0,0,0,0,165,6,1,2
0,0,0,0,421,44,1,2
0,0,0,0,394,9,1,1
0,0,0,0,197,54,2,2
0,0,0,0,708,11,1,1
0,0,0,0,465,3,2,2
0,0,0,0,507,5,2,2
0,0,0,0,368,31,1,1
0,0,0,0,535,4,1,2
0,0,0,0,576,16,1,1
0,0,0,0,199,18,2,2
0,0,0,0,117,8,2,2
0,0,0,0,754,4,1,1
0,0,0,0,461,15,2,2
0,0,0,0,604,10,1,1
0,0,0,0,471,8,2,2
0,0,0,0,97,16,2,2
0,0,0,0,779,2,1,2
0,0,0,0,421,15,2,2
0,0,0,0,124,41,1,1
0,0,0,0,685,10,2,2
0,0,0,0,791,3,2,2
0,0,0,0,228,4,2,1
0,0,0,0,99,13,2,2
0,0,0,0,561,14,1,2
0,0,0,0,235,32,2,2
0,0,0,0,287,1,2,2
0,0,0,0,387,14,1,2
0,0,0,0,202,8,1,1
0,0,0,0,313,20,2,2
0,0,0,0,334,90,2,1
0,0,0,0,464,11,1,1
0,0,0,0,780,8,1,1
0,0,0,0,490,2,1,1
0,0,0,0,239,44,1,2
0,0,0,0,489,15,2,2
0,0,0,0,723,9,1,2
0,0,0,0,712,14,1,1
0,0,0,0,518,12,1,1
0,0,0,0,339,3,2,2
0,0,0,0,59,38,2,2
0,0,0,0,81,54,2,2
0,0,0,0,565,59,2,2
0,0,0,0,649,18,2,2
0,0,0,0,67,47,1,2
0,0,0,0,306,51,1,1
0,0,0,0,756,85,1,1
0,0,0,0,210,18,1,1
0,0,0,0,532,8,1,1
0,0,0,0,222,21,2,1
0,0,0,0,765,4,1,2
0,0,0,0,376,26,1,1
0,0,0,0,27,6,2,2
0,0,0,0,16,6,1,1
0,0,0,0,151,58,2,2
0,0,0,0,711,78,2,2
0,0,0,0,57,44,1,2
0,0,0,0,359,24,1,2
0,0,0,0,316,12,2,1
0,0,0,0,654,12,2,1
0,0,0,0,2,4,1,1
0,0,0,0,7,65,1,2
0,0,0,0,653,1,2,2
0,0,0,0,215,27,2,2
0,0,0,0,88,9,1,1
0,0,0,0,331,21,2,2
0,0,0,0,794,1,2,1
0,0,0,0,203,19,2,2
0,0,0,0,723,51,1,2
0,0,0,0,536,88,1,1
0,0,0,0,703,13,2,2
0,0,0,0,468,23,1,1
0,0,0,0,49,44,2,2
0,0,0,0,760,11,2,1
0,0,0,0,588,38,1,1
0,0,0,0,35,33,1,2
0,0,0,0,678,6,1,1
0,0,0,0,610,40,2,1
0,0,0,0,405,26,2,2
0,0,0,0,536,26,1,1
0,0,0,0,532,20,1,1
0,0,0,0,241,9,2,2
0,0,0,0,203,15,2,2
0,0,0,0,374,6,1,1
0,0,0,0,709,6,1,2
0,0,0,0,549,28,1,2
0,0,0,0,275,13,1,2
0,0,0,0,753,26,1,2
0,0,0,0,730,18,1,1
0,0,0,0,615,7,2,2
0,0,0,0,131,13,2,2
0,0,0,0,705,26,2,2
0,0,0,0,696,33,1,1
0,0,0,0,469,7,2,2
0,0,0,0,595,73,1,2
0,0,0,0,572,27,1,1
0,0,0,0,675,7,2,2
0,0,0,0,781,16,2,2
0,0,0,0,72,24,1,1
0,0,0,0,329,3,2,2
0,0,0,0,696,11,1,1
0,0,0,0,616,4,2,1
0,0,0,0,490,34,1,1
0,0,0,0,279,7,2,2
0,0,0,0,281,14,2,2
0,0,0,0,146,26,1,1
0,0,0,0,662,11,1,1
0,0,0,0,760,32,1,1
0,0,0,0,28,16,1,1
0,0,0,0,613,96,2,2
0,0,0,0,210,9,1,1
0,0,0,0,459,78,2,2
0,0,0,0,543,29,1,2
0,0,0,0,415,40,2,2
0,0,0,0,395,60,1,2
0,0,0,0,372,3,2,1
0,0,0,0,437,13,2,2
0,0,0,0,567,2,2,2
0,0,0,0,668,19,1,1
0,0,0,0,213,8,2,2
0,0,0,0,763,21,1,2
0,0,0,0,157,72,2,2
0,0,0,0,530,5,1,1
0,0,0,0,779,19,2,2
0,0,0,0,243,12,1,2
0,0,0,0,525,12,2,2
0,0,0,0,93,8,2,2
0,0,0,0,777,9,2,2
0,0,0,0,476,18,1,1
0,0,0,0,487,36,2,2
0,0,0,0,115,5,2,2
0,0,0,0,473,18,2,2
0,0,0,0,616,5,1,1
0,0,0,0,180,28,1,1
0,0,0,0,666,39,1,1
0,0,0,0,272,17,1,1
0,0,0,0,183,16,2,2
0,0,0,0,646,5,1,1
0,0,0,0,399,12,2,2
0,0,0,0,36,40,2,1
0,0,0,0,453,54,2,2
0,0,0,0,45,9,2,2
0,0,0,0,271,2,2,2
0,0,0,0,649,27,2,2
0,0,0,0,729,16,2,2
0,0,0,0,91,4,1,2
0,0,0,0,212,27,2,1
0,0,0,0,690,50,2,1
0,0,0,0,230,22,2,1
0,0,0,0,385,62,2,2
0,0,0,0,473,11,2,2
0,0,0,0,60,5,2,1
0,0,0,0,347,65,2,2
0,0,0,0,30,2,1,1
0,0,0,0,660,1,1,1
0,0,0,0,74,24,1,1
0,0,0,0,190,3,1,1
0,0,0,0,713,35,2,2
0,0,0,0,224,108,2,1
0,0,0,0,248,69,1,1
0,0,0,0,666,51,1,1
0,0,0,0,162,2,1,1
0,0,0,0,783,6,1,2
0,0,0,0,273,1,2,2
0,0,0,0,671,55,1,2
0,0,0,0,361,7,2,2
0,0,0,0,702,19,1,1
0,0,0,0,669,27,2,2
0,0,0,0,660,7,1,1
0,0,0,0,90,8,1,1
0,0,0,0,736,11,2,1
0,0,0,0,35,4,2,2
0,0,0,0,705,31,1,2
0,0,0,0,527,6,2,2
0,0,0,0,120,12,1,1
0,0,0,0,670,7,2,1
0,0,0,0,286,25,1,1
0,0,0,0,510,10,1,1
0,0,0,0,652,2,1,1
0,0,0,0,607,18,2,2
0,0,0,0,561,2,2,2
0,0,0,0,156,19,1,1
0,0,0,0,361,37,2,2
0,0,0,0,466,1,1,1
0,0,0,0,663,14,2,2
0,0,0,0,742,5,1,1
0,0,0,0,441,12,2,2
0,0,0,0,611,40,2,2
0,0,0,0,778,63,2,1
0,0,0,0,366,108,1,1
0,0,0,0,407,5,2,2
0,0,0,0,658,23,1,1
0,0,0,0,432,62,2,1
0,0,0,0,445,50,2,2
0,0,0,0,508,7,1,1
0,0,0,0,162,49,1,1
0,0,0,0,557,10,1,2
0,0,0,0,664,58,1,1
0,0,0,0,480,36,1,1
0,0,0,0,87,3,2,2
0,0,0,0,467,58,2,2
0,0,0,0,68,23,1,1
0,0,0,0,364,3,1,1
0,0,0,0,31,37,1,2
0,0,0,0,117,90,2,2
0,0,0,0,4,14,2,1
0,0,0,0,158,28,1,1
0,0,0,0,761,14,2,2
0,0,0,0,419,52,1,2
0,0,0,0,435,76,1,2
0,0,0,0,229,48,2,2
0,0,0,0,294,6,1,1
0,0,0,0,236,17,2,1
0,0,0,0,764,2,1,1
0,0,0,0,213,13,2,2
0,0,0,0,472,19,1,1
0,0,0,0,74,8,1,1
0,0,0,0,621,3,2,2
0,0,0,0,743,14,2,2
0,0,0,0,451,17,2,2
0,0,0,0,550,34,2,1
0,0,0,0,128,21,1,1
0,0,0,0,680,49,1,1
0,0,0,0,409,15,2,2
0,0,0,0,105,6,2,2
0,0,0,0,264,30,1,1
0,0,0,0,430,37,1,1
0,0,0,0,184,4,1,1
0,0,0,0,779,16,2,2
0,0,0,0,313,6,2,2
0,0,0,0,176,3,1,1
0,0,0,0,493,3,2,2
0,0,0,0,728,2,1,1
0,0,0,0,176,39,2,1
0,0,0,0,156,9,2,1
0,0,0,0,41,10,1,2
0,0,0,0,574,19,2,1
0,0,0,0,348,28,1,1
0,0,0,0,152,11,2,1
0,0,0,0,712,29,1,1
0,0,0,0,758,1,2,1
0,0,0,0,147,84,2,2
0,0,0,0,477,42,1,2
0,0,0,0,307,25,1,2
0,0,0,0,298,12,1,1
0,0,0,0,69,1,2,2
0,0,0,0,345,41,2,2
0,0,0,0,604,24,1,1
0,0,0,0,693,1,1,2
0,0,0,0,14,1,1,1
0,0,0,0,337,19,2,2
0,0,0,0,445,24,2,2
0,0,0,0,681,1,2,2
0,0,0,0,485,35,2,2
0,0,0,0,480,41,1,1
0,0,0,0,788,34,1,1
0,0,0,0,628,39,2,1
0,0,0,0,292,34,1,1
0,0,0,0,263,20,2,2
0,0,0,0,746,10,1,1
0,0,0,0,40,94,1,1
0,0,0,0,463,39,2,2
0,0,0,0,293,7,2,2
0,0,0,0,262,42,1,1
0,0,0,0,442,15,2,1
0,0,0,0,408,8,1,1
0,0,0,0,634,31,1,1
0,0,0,0,563,26,2,2
0,0,0,0,350,4,2,1
0,0,0,0,778,13,1,1
0,0,0,0,342,57,2,1
0,0,0,0,774,16,1,1
0,0,0,0,795,24,1,2
0,0,0,0,407,46,1,2
0,0,0,0,617,41,2,2
0,0,0,0,500,1,1,1
0,0,0,0,723,64,1,2
0,0,0,0,579,7,2,2
0,0,0,0,739,12,2,2
0,0,0,0,488,12,1,1
0,0,0,0,310,19,1,1
0,0,0,0,562,20,1,1
0,0,0,0,540,49,1,1
0,0,0,0,681,5,2,2
0,0,0,0,695,75,2,2
0,0,0,0,97,1,2,2
0,0,0,0,198,32,1,1
0,0,0,0,362,58,1,1
0,0,0,0,768,13,2,1
0,0,0,0,578,19,1,1
0,0,0,0,520,18,1,1
0,0,0,0,225,73,2,2
0,0,0,0,537,28,2,2
0,0,0,0,338,39,2,1
0,0,0,0,719,58,1,2
0,0,0,0,318,31,1,1
0,0,0,0,36,2,1,1
0,0,0,0,299,2,2,2
0,0,0,0,356,64,1,1
0,0,0,0,699,8,2,2
0,0,0,0,757,20,2,2
0,0,0,0,70,12,1,1
0,0,0,0,500,6,2,1
0,0,0,0,614,6,1,1
0,0,0,0,683,4,2,2
0,0,0,0,755,21,2,2
0,0,0,0,361,13,2,2
0,0,0,0,304,18,1,1
0,0,0,0,741,42,2,2
0,0,0,0,208,42,2,1
0,0,0,0,550,10,1,1
0,0,0,0,693,14,1,2
0,0,0,0,637,10,1,2
0,0,0,0,471,3,1,2
0,0,0,0,396,1,2,1
0,0,0,0,153,25,2,2
0,0,0,0,283,18,2,2
0,0,0,0,151,36,2,2
0,0,0,0,378,29,1,1
0,0,0,0,651,32,2,2
0,0,0,0,202,13,1,1
0,0,0,0,54,48,1,1
0,0,0,0,8,4,1,1
0,0,0,0,586,14,2,1
0,0,0,0,122,62,1,1
0,0,0,0,146,8,1,1
0,0,0,0,620,49,1,1
0,0,0,0,299,11,2,2
0,0,0,0,568,7,1,1
0,0,0,0,628,37,2,1
0,0,0,0,270,26,2,1
0,0,0,0,760,18,1,1
0,0,0,0,611,14,2,2
0,0,0,0,267,21,2,2
0,0,0,0,735,33,2,2
0,0,0,0,490,11,1,1
0,0,0,0,594,5,1,1
0,0,0,0,499,11,2,2
0,0,0,0,244,2,1,1
0,0,0,0,720,17,1,1
0,0,0,0,696,4,2,1
0,0,0,0,597,13,1,2
0,0,0,0,268,10,1,1
0,0,0,0,496,29,1,1
0,0,0,0,178,32,1,1
0,0,0,0,331,11,2,2
0,0,0,0,339,11,2,2
0,0,0,0,723,10,2,2
0,0,0,0,327,32,2,2
0,0,0,0,186,3,1,1
0,0,0,0,292,14,1,1
0,0,0,0,795,19,1,2
0,0,0,0,447,12,1,2
0,0,0,0,123,44,2,2
0,0,0,0,155,44,2,2
0,0,0,0,710,31,1,1
0,0,0,0,541,34,2,2
0,0,0,0,387,34,1,2
0,0,0,0,486,6,1,1
0,0,0,0,616,40,2,1
0,0,0,0,113,11,2,2
0,0,0,0,321,33,2,2
0,0,0,0,341,5,2,2
0,0,0,0,293,111,1,2
0,0,0,0,568,16,1,1
0,0,0,0,705,7,2,2
0,0,0,0,275,11,2,2
0,0,0,0,660,50,1,1
0,0,0,0,793,9,2,2
0,0,0,0,169,65,2,2
0,0,0,0,759,10,2,2
0,0,0,0,304,7,1,1
0,0,0,0,106,26,1,1
0,0,0,0,65,78,2,2
0,0,0,0,632,116,1,1
0,0,0,0,779,11,2,2
0,0,0,0,295,6,2,2
0,0,0,0,145,70,2,2
0,0,0,0,101,16,2,2
0,0,0,0,241,64,2,2
0,0,0,0,772,11,2,1
0,0,0,0,717,72,2,2
0,0,0,0,145,1,2,2
0,0,0,0,251,23,1,2
0,0,0,0,546,8,1,1
0,0,0,0,186,13,2,1
0,0,0,0,451,45,2,2
0,0,0,0,81,10,2,2
0,0,0,0,291,12,1,2
0,0,0,0,348,5,1,1
0,0,0,0,60,6,2,1
0,0,0,0,29,14,1,2
0,0,0,0,184,3,2,1
0,0,0,0,9,1,2,2
0,0,0,0,187,5,2,2
0,0,0,0,32,6,1,1
0,0,0,0,306,45,1,1
0,0,0,0,190,6,1,1
0,0,0,0,367,23,2,2
0,0,0,0,625,20,2,2
0,0,0,0,484,40,1,1
0,0,0,0,117,38,2,2
0,0,0,0,413,6,2,2
0,0,0,0,380,68,1,1
0,0,0,0,343,19,1,2
0,0,0,0,709,7,2,2
0,0,0,0,686,12,1,1
0,0,0,0,165,33,2,2
0,0,0,0,98,21,2,1
0,0,0,0,690,3,1,1
0,0,0,0,567,1,1,2
0,0,0,0,79,96,1,2
0,0,0,0,17,21,2,2
0,0,0,0,109,3,2,2
0,0,0,0,247,17,1,2
0,0,0,0,75,2,2,2
0,0,0,0,218,26,1,1
0,0,0,0,605,8,2,2
0,0,0,0,60,18,1,1
0,0,0,0,458,3,1,1
0,0,0,0,386,52,1,1
0,0,0,0,265,59,2,2
0,0,0,0,577,5,2,2
0,0,0,0,765,46,2,2
0,0,0,0,75,12,2,2
0,0,0,0,67,12,1,2
0,0,0,0,117,31,2,2
0,0,0,0,306,25,2,1
0,0,0,0,554,61,1,1
0,0,0,0,116,4,1,1
0,0,0,0,168,20,2,1
0,0,0,0,649,49,1,2
0,0,0,0,361,9,2,2
0,0,0,0,425,21,1,2
0,0,0,0,21,7,2,2
0,0,0,0,542,16,1,1
0,0,0,0,155,9,1,2
0,0,0,0,704,14,2,1
0,0,0,0,29,8,2,2
0,0,0,0,189,6,1,2
0,0,0,0,135,3,2,2
0,0,0,0,335,50,2,2
0,0,0,0,676,17,2,1
