day,hour,minute,second,question,worker,answer,gt
0,0,0,0,796,28,2,3
0,0,0,0,235,26,2,2
0,0,0,0,401,41,2,3
0,0,0,0,493,37,0,1
0,0,0,0,648,22,3,2
0,0,0,0,666,9,0,0
0,0,0,0,736,34,2,2
0,0,0,0,313,41,2,3
0,0,0,0,259,56,2,2
0,0,0,0,407,50,0,1
0,0,0,0,574,25,0,0
0,0,0,0,616,53,0,0
0,0,0,0,459,22,2,2
0,0,0,0,497,21,2,3
0,0,0,0,726,45,3,3
0,0,0,0,484,20,3,3
0,0,0,0,59,11,1,1
0,0,0,0,450,12,3,3
0,0,0,0,755,20,3,3
0,0,0,0,293,28,3,3
0,0,0,0,535,44,3,3
0,0,0,0,29,3,3,3
0,0,0,0,703,30,1,0
0,0,0,0,536,3,1,1
0,0,0,0,612,73,0,0
0,0,0,0,51,24,3,2
0,0,0,0,106,1,3,3
0,0,0,0,278,37,2,2
0,0,0,0,572,22,0,1
0,0,0,0,273,22,3,3
0,0,0,0,650,20,2,2
0,0,0,0,142,9,2,2
0,0,0,0,322,17,3,3
0,0,0,0,238,40,3,2
0,0,0,0,128,3,3,3
0,0,0,0,647,10,0,0
0,0,0,0,322,44,3,3
0,0,0,0,180,23,3,3
0,0,0,0,436,7,3,3
0,0,0,0,789,36,3,3
0,0,0,0,197,32,3,3
0,0,0,0,771,20,2,2
0,0,0,0,340,47,0,1
0,0,0,0,705,61,2,2
0,0,0,0,266,37,1,1
0,0,0,0,140,31,1,0
0,0,0,0,28,14,0,2
0,0,0,0,388,16,0,1
0,0,0,0,696,16,0,0
0,0,0,0,56,22,0,1
0,0,0,0,670,10,2,2
0,0,0,0,574,1,0,0
0,0,0,0,799,88,2,2
0,0,0,0,107,20,2,3
0,0,0,0,644,3,1,1
0,0,0,0,645,3,3,2
0,0,0,0,783,43,3,2
0,0,0,0,199,9,2,3
0,0,0,0,563,1,0,0
0,0,0,0,86,27,0,0
0,0,0,0,462,63,3,3
0,0,0,0,640,55,1,0
0,0,0,0,565,13,3,2
0,0,0,0,618,15,1,1
0,0,0,0,621,31,0,0
0,0,0,0,496,28,0,1
0,0,0,0,339,19,3,2
0,0,0,0,216,31,1,0
0,0,0,0,229,43,0,0
0,0,0,0,109,47,1,1
0,0,0,0,708,16,3,3
0,0,0,0,1,3,3,3
0,0,0,0,804,29,1,2
0,0,0,0,146,5,1,1
0,0,0,0,693,58,1,0
0,0,0,0,144,90,1,1
0,0,0,0,22,11,3,3
0,0,0,0,71,51,2,2
0,0,0,0,246,13,3,3
0,0,0,0,190,25,2,3
0,0,0,0,378,43,2,2
0,0,0,0,770,31,3,3
0,0,0,0,753,66,0,0
0,0,0,0,560,26,1,1
0,0,0,0,99,20,0,0
0,0,0,0,169,7,1,1
0,0,0,0,331,27,3,3
0,0,0,0,584,16,3,3
0,0,0,0,522,14,0,2
0,0,0,0,303,53,2,3
0,0,0,0,294,16,3,2
0,0,0,0,620,16,0,0
0,0,0,0,236,24,0,0
0,0,0,0,776,5,0,1
0,0,0,0,120,35,0,0
0,0,0,0,310,1,1,1
0,0,0,0,780,63,2,2
0,0,0,0,2,14,2,2
0,0,0,0,553,50,2,2
0,0,0,0,399,50,1,0
0,0,0,0,35,70,3,3
0,0,0,0,258,19,3,3
0,0,0,0,389,10,2,2
0,0,0,0,53,61,1,1
0,0,0,0,388,40,1,1
0,0,0,0,300,2,1,1
0,0,0,0,500,9,2,2
0,0,0,0,63,84,0,1
0,0,0,0,95,13,1,1
0,0,0,0,456,54,2,2
0,0,0,0,12,50,0,1
0,0,0,0,739,34,3,2
0,0,0,0,681,8,0,0
0,0,0,0,432,29,2,2
0,0,0,0,584,22,3,3
0,0,0,0,274,13,2,2
0,0,0,0,26,22,3,3
0,0,0,0,693,14,0,0
0,0,0,0,446,8,3,3
0,0,0,0,421,42,3,3
0,0,0,0,579,13,2,2
0,0,0,0,642,16,0,0
0,0,0,0,402,10,0,1
0,0,0,0,530,13,3,3
0,0,0,0,189,39,0,0
0,0,0,0,210,13,3,2
0,0,0,0,304,23,0,1
0,0,0,0,280,10,3,3
0,0,0,0,342,41,3,3
0,0,0,0,131,5,2,0
0,0,0,0,716,31,1,1
0,0,0,0,146,22,1,1
0,0,0,0,546,25,2,2
0,0,0,0,596,39,1,1
0,0,0,0,68,20,0,0
0,0,0,0,360,61,0,0
0,0,0,0,188,60,0,0
0,0,0,0,378,29,2,2
0,0,0,0,678,25,3,3
0,0,0,0,239,44,0,1
0,0,0,0,447,10,0,0
0,0,0,0,412,23,3,3
0,0,0,0,223,35,2,2
0,0,0,0,462,4,3,3
0,0,0,0,361,20,2,2
0,0,0,0,186,14,2,2
0,0,0,0,464,81,2,2
0,0,0,0,431,65,2,3
0,0,0,0,368,31,0,0
0,0,0,0,744,29,2,2
0,0,0,0,147,76,3,3
0,0,0,0,597,21,2,2
0,0,0,0,673,35,0,0
0,0,0,0,617,35,3,2
0,0,0,0,628,35,0,0
0,0,0,0,414,23,3,3
0,0,0,0,99,36,0,0
0,0,0,0,274,42,2,2
0,0,0,0,269,16,0,0
0,0,0,0,496,16,0,1
0,0,0,0,359,9,0,2
0,0,0,0,306,3,1,1
0,0,0,0,264,90,1,1
0,0,0,0,588,25,0,1
0,0,0,0,689,31,3,3
0,0,0,0,184,17,3,3
0,0,0,0,478,28,3,3
0,0,0,0,89,13,0,0
0,0,0,0,372,40,3,3
0,0,0,0,340,16,0,1
0,0,0,0,679,34,0,0
0,0,0,0,62,7,0,0
0,0,0,0,59,23,1,1
0,0,0,0,629,53,3,2
0,0,0,0,234,3,1,1
0,0,0,0,764,35,3,2
0,0,0,0,227,35,3,3
0,0,0,0,571,31,2,2
0,0,0,0,297,2,2,2
0,0,0,0,80,53,0,1
0,0,0,0,690,53,3,3
0,0,0,0,461,43,2,3
0,0,0,0,582,8,1,1
0,0,0,0,141,80,3,3
0,0,0,0,125,81,0,0
0,0,0,0,797,19,3,3
0,0,0,0,381,82,3,3
0,0,0,0,141,20,2,3
0,0,0,0,504,21,1,0
0,0,0,0,642,30,1,0
0,0,0,0,104,14,2,2
0,0,0,0,397,44,3,2
0,0,0,0,7,35,0,0
0,0,0,0,619,5,1,1
0,0,0,0,314,8,0,0
0,0,0,0,605,40,3,2
0,0,0,0,478,9,2,3
0,0,0,0,319,43,3,2
0,0,0,0,58,22,3,3
0,0,0,0,502,30,2,2
0,0,0,0,177,5,0,0
0,0,0,0,337,41,3,3
0,0,0,0,699,16,0,0
0,0,0,0,311,34,3,3
0,0,0,0,781,30,1,1
0,0,0,0,112,13,0,0
0,0,0,0,175,30,1,1
0,0,0,0,140,13,1,0
0,0,0,0,74,29,1,1
0,0,0,0,258,34,3,3
0,0,0,0,270,69,2,3
0,0,0,0,736,16,3,2
0,0,0,0,172,37,2,2
0,0,0,0,790,54,0,0
0,0,0,0,136,3,1,1
0,0,0,0,466,56,1,0
0,0,0,0,390,25,2,3
0,0,0,0,121,47,0,0
0,0,0,0,774,59,1,0
0,0,0,0,290,7,1,1
0,0,0,0,487,22,2,3
0,0,0,0,638,73,2,2
0,0,0,0,605,61,3,2
0,0,0,0,91,20,1,1
0,0,0,0,56,35,0,1
0,0,0,0,405,35,0,2
0,0,0,0,428,80,0,0
0,0,0,0,278,49,2,2
0,0,0,0,335,61,0,0
0,0,0,0,708,53,3,3
0,0,0,0,325,25,3,2
0,0,0,0,598,5,3,2
0,0,0,0,199,16,3,3
0,0,0,0,652,13,1,0
0,0,0,0,449,20,3,3
0,0,0,0,679,37,1,0
0,0,0,0,87,43,1,1
0,0,0,0,651,10,3,3
0,0,0,0,731,10,3,3
0,0,0,0,390,47,2,3
0,0,0,0,714,11,1,1
0,0,0,0,445,16,0,0
0,0,0,0,461,50,2,3
0,0,0,0,412,50,3,3
0,0,0,0,730,53,2,2
0,0,0,0,609,12,0,0
0,0,0,0,616,28,0,0
0,0,0,0,161,3,2,2
0,0,0,0,324,24,3,3
0,0,0,0,548,63,3,2
0,0,0,0,212,35,0,1
0,0,0,0,12,43,0,1
0,0,0,0,741,35,0,0
0,0,0,0,365,43,1,1
0,0,0,0,746,31,3,3
0,0,0,0,701,9,3,2
0,0,0,0,233,28,1,1
0,0,0,0,323,40,3,2
0,0,0,0,606,47,1,1
0,0,0,0,644,19,1,1
0,0,0,0,254,34,3,3
0,0,0,0,43,43,3,3
0,0,0,0,119,39,0,0
0,0,0,0,522,35,3,2
0,0,0,0,146,15,1,1
0,0,0,0,491,60,3,3
0,0,0,0,782,73,2,2
0,0,0,0,95,1,0,1
0,0,0,0,721,21,3,2
0,0,0,0,426,13,0,1
0,0,0,0,666,47,0,0
0,0,0,0,39,41,3,3
0,0,0,0,584,40,3,3
0,0,0,0,706,41,0,0
0,0,0,0,728,69,0,0
0,0,0,0,751,66,2,0
0,0,0,0,579,12,2,2
0,0,0,0,24,23,0,1
0,0,0,0,94,23,3,3
0,0,0,0,506,31,0,1
0,0,0,0,384,41,2,3
0,0,0,0,281,23,0,0
0,0,0,0,309,37,1,0
0,0,0,0,306,56,0,1
0,0,0,0,488,23,0,0
0,0,0,0,70,25,2,2
0,0,0,0,482,39,3,3
0,0,0,0,63,2,1,1
0,0,0,0,255,53,3,2
0,0,0,0,678,13,3,3
0,0,0,0,87,69,1,1
0,0,0,0,373,20,2,2
0,0,0,0,692,43,0,0
0,0,0,0,552,23,0,0
0,0,0,0,470,39,3,3
0,0,0,0,773,3,3,3
0,0,0,0,500,39,2,2
0,0,0,0,373,23,2,2
0,0,0,0,279,9,1,1
0,0,0,0,692,22,0,0
0,0,0,0,800,16,2,3
0,0,0,0,186,58,2,2
0,0,0,0,778,55,1,1
0,0,0,0,513,22,1,0
0,0,0,0,434,22,0,1
0,0,0,0,581,13,2,2
0,0,0,0,457,45,0,3
0,0,0,0,711,50,1,1
0,0,0,0,765,31,3,2
0,0,0,0,728,10,0,0
0,0,0,0,171,37,2,2
0,0,0,0,672,16,0,1
0,0,0,0,636,31,2,3
0,0,0,0,478,27,2,3
0,0,0,0,673,58,0,0
0,0,0,0,503,35,3,3
0,0,0,0,109,15,1,1
0,0,0,0,653,1,3,3
0,0,0,0,66,2,3,3
0,0,0,0,787,31,0,1
0,0,0,0,669,13,3,2
0,0,0,0,419,1,3,3
0,0,0,0,772,88,1,1
0,0,0,0,160,8,0,1
0,0,0,0,591,22,1,1
0,0,0,0,759,45,1,1
0,0,0,0,463,23,0,1
0,0,0,0,632,105,3,3
0,0,0,0,449,57,2,3
0,0,0,0,307,3,1,0
0,0,0,0,382,19,2,3
0,0,0,0,360,16,0,0
0,0,0,0,538,13,3,3
0,0,0,0,35,23,3,3
0,0,0,0,99,73,0,0
0,0,0,0,724,59,2,2
0,0,0,0,181,31,2,3
0,0,0,0,147,47,3,3
0,0,0,0,611,43,3,3
0,0,0,0,618,44,0,1
0,0,0,0,779,9,1,1
0,0,0,0,284,67,0,1
0,0,0,0,83,21,0,0
0,0,0,0,690,3,2,3
0,0,0,0,97,43,1,1
0,0,0,0,350,11,0,1
0,0,0,0,555,35,3,2
0,0,0,0,491,7,2,3
0,0,0,0,380,21,0,0
0,0,0,0,577,50,2,2
0,0,0,0,168,53,0,0
0,0,0,0,276,24,3,2
0,0,0,0,208,28,1,1
0,0,0,0,579,51,2,2
0,0,0,0,628,53,0,0
0,0,0,0,485,50,2,2
0,0,0,0,279,17,1,1
0,0,0,0,236,43,0,0
0,0,0,0,16,31,0,0
0,0,0,0,598,8,2,2
0,0,0,0,445,13,1,0
0,0,0,0,121,34,0,0
0,0,0,0,138,37,2,2
0,0,0,0,437,20,2,3
0,0,0,0,296,40,3,0
0,0,0,0,236,39,0,0
0,0,0,0,802,39,0,1
0,0,0,0,786,9,0,0
0,0,0,0,705,20,3,2
0,0,0,0,543,50,0,0
0,0,0,0,780,73,2,2
0,0,0,0,205,53,0,0
0,0,0,0,181,15,3,3
0,0,0,0,275,69,1,1
0,0,0,0,99,21,0,0
0,0,0,0,288,40,0,0
0,0,0,0,564,25,3,2
0,0,0,0,159,25,0,1
0,0,0,0,224,37,0,0
0,0,0,0,289,17,2,2
0,0,0,0,406,16,0,1
0,0,0,0,223,45,2,2
0,0,0,0,440,66,1,0
0,0,0,0,329,42,3,3
0,0,0,0,247,23,3,2
0,0,0,0,541,15,2,2
0,0,0,0,448,1,3,2
0,0,0,0,132,17,1,1
0,0,0,0,63,19,0,1
0,0,0,0,778,73,0,1
0,0,0,0,207,4,1,1
0,0,0,0,561,13,1,1
0,0,0,0,664,69,2,2
0,0,0,0,259,1,2,2
0,0,0,0,231,2,1,1
0,0,0,0,565,35,3,2
0,0,0,0,96,19,2,2
0,0,0,0,750,27,1,1
0,0,0,0,782,58,2,2
0,0,0,0,727,20,3,3
0,0,0,0,487,25,3,3
0,0,0,0,211,54,0,0
0,0,0,0,316,34,1,1
0,0,0,0,324,2,3,3
0,0,0,0,272,16,3,3
0,0,0,0,13,43,3,3
0,0,0,0,344,62,2,2
0,0,0,0,715,34,3,3
0,0,0,0,326,43,3,2
0,0,0,0,801,25,2,2
0,0,0,0,284,31,0,1
0,0,0,0,383,47,1,1
0,0,0,0,604,35,2,3
0,0,0,0,758,16,3,3
0,0,0,0,306,61,0,1
0,0,0,0,107,11,3,3
0,0,0,0,755,30,3,3
0,0,0,0,581,43,2,2
0,0,0,0,422,22,3,3
0,0,0,0,639,21,3,3
0,0,0,0,677,58,2,1
0,0,0,0,793,58,2,2
0,0,0,0,704,107,3,3
0,0,0,0,630,61,2,3
0,0,0,0,484,28,3,3
0,0,0,0,262,31,2,2
0,0,0,0,408,53,0,1
0,0,0,0,627,2,3,2
0,0,0,0,426,34,1,1
0,0,0,0,144,19,1,1
0,0,0,0,657,22,3,3
0,0,0,0,116,14,2,3
0,0,0,0,573,25,3,3
0,0,0,0,242,1,2,2
0,0,0,0,320,27,3,3
0,0,0,0,337,3,2,3
0,0,0,0,282,3,1,1
0,0,0,0,30,27,1,1
0,0,0,0,384,94,3,3
0,0,0,0,431,26,2,3
0,0,0,0,287,22,0,0
0,0,0,0,195,35,3,3
0,0,0,0,706,37,0,0
0,0,0,0,670,25,2,2
0,0,0,0,7,13,1,0
0,0,0,0,54,34,0,0
0,0,0,0,102,27,1,1
0,0,0,0,204,40,1,1
0,0,0,0,300,21,1,1
0,0,0,0,129,47,2,2
0,0,0,0,185,21,3,3
0,0,0,0,54,23,1,0
0,0,0,0,451,62,3,3
0,0,0,0,39,23,2,3
0,0,0,0,272,39,0,3
0,0,0,0,7,11,0,0
0,0,0,0,696,9,1,0
0,0,0,0,209,3,2,2
0,0,0,0,758,34,3,3
0,0,0,0,291,39,3,3
0,0,0,0,111,27,3,3
0,0,0,0,1,10,2,3
0,0,0,0,552,39,0,0
0,0,0,0,271,47,3,3
0,0,0,0,368,34,1,0
0,0,0,0,805,14,0,2
0,0,0,0,301,55,3,3
0,0,0,0,564,5,3,2
0,0,0,0,229,9,0,0
0,0,0,0,34,14,0,0
0,0,0,0,446,55,3,3
0,0,0,0,495,11,3,2
0,0,0,0,550,40,2,2
0,0,0,0,265,51,3,3
0,0,0,0,599,31,1,0
0,0,0,0,286,37,2,2
0,0,0,0,794,5,3,3
0,0,0,0,114,14,2,2
0,0,0,0,72,8,3,3
0,0,0,0,434,47,1,1
0,0,0,0,370,35,3,3
0,0,0,0,403,43,1,1
0,0,0,0,617,21,2,2
0,0,0,0,192,41,3,3
0,0,0,0,759,43,1,1
0,0,0,0,297,34,2,2
0,0,0,0,465,12,3,2
0,0,0,0,325,61,2,2
0,0,0,0,502,9,2,2
0,0,0,0,675,59,3,3
0,0,0,0,267,10,3,2
0,0,0,0,253,55,3,2
0,0,0,0,386,15,2,2
0,0,0,0,291,84,3,3
0,0,0,0,678,1,3,3
0,0,0,0,625,16,2,2
0,0,0,0,166,15,2,2
0,0,0,0,180,13,3,3
0,0,0,0,371,8,0,0
0,0,0,0,299,23,0,0
0,0,0,0,302,42,1,0
0,0,0,0,380,1,0,0
0,0,0,0,205,14,0,0
0,0,0,0,280,50,3,3
0,0,0,0,105,53,1,1
0,0,0,0,408,13,1,1
0,0,0,0,591,31,1,1
0,0,0,0,156,21,2,2
0,0,0,0,39,13,3,3
0,0,0,0,718,1,2,2
0,0,0,0,183,37,2,3
0,0,0,0,609,58,1,0
0,0,0,0,24,25,2,1
0,0,0,0,404,13,3,3
0,0,0,0,304,29,1,1
0,0,0,0,262,40,2,2
0,0,0,0,671,6,2,2
0,0,0,0,184,74,3,3
0,0,0,0,622,25,2,2
0,0,0,0,655,40,0,0
0,0,0,0,155,15,2,2
0,0,0,0,541,21,3,2
0,0,0,0,651,36,3,3
0,0,0,0,194,31,1,0
0,0,0,0,589,39,1,1
0,0,0,0,454,22,2,2
0,0,0,0,306,9,0,1
0,0,0,0,20,9,1,1
0,0,0,0,145,9,0,0
0,0,0,0,150,19,3,3
0,0,0,0,233,10,0,1
0,0,0,0,153,15,2,2
0,0,0,0,328,53,0,3
0,0,0,0,49,16,2,2
0,0,0,0,247,35,2,2
0,0,0,0,283,55,0,0
0,0,0,0,782,43,2,2
0,0,0,0,426,9,1,1
0,0,0,0,3,19,1,1
0,0,0,0,476,65,1,0
0,0,0,0,483,8,3,3
0,0,0,0,641,43,3,2
0,0,0,0,50,31,1,1
0,0,0,0,185,12,3,3
0,0,0,0,749,45,2,2
0,0,0,0,191,10,0,1
0,0,0,0,162,42,1,1
0,0,0,0,32,43,1,1
0,0,0,0,118,29,2,2
0,0,0,0,18,54,1,1
0,0,0,0,251,3,0,1
0,0,0,0,150,34,3,3
0,0,0,0,633,35,3,3
0,0,0,0,769,25,3,3
0,0,0,0,266,29,1,1
0,0,0,0,587,42,1,1
0,0,0,0,328,16,2,3
0,0,0,0,347,50,1,1
0,0,0,0,705,22,2,2
0,0,0,0,728,16,0,0
0,0,0,0,435,105,0,0
0,0,0,0,654,37,1,1
0,0,0,0,764,16,3,2
0,0,0,0,770,34,3,3
0,0,0,0,228,25,2,2
0,0,0,0,660,22,2,2
0,0,0,0,86,63,0,0
0,0,0,0,88,37,1,1
0,0,0,0,530,9,3,3
0,0,0,0,582,13,1,1
0,0,0,0,394,13,3,3
0,0,0,0,80,5,0,1
0,0,0,0,434,31,0,1
0,0,0,0,95,9,0,1
0,0,0,0,281,20,1,0
0,0,0,0,203,16,0,2
0,0,0,0,710,9,3,3
0,0,0,0,442,20,3,3
0,0,0,0,270,1,2,3
0,0,0,0,60,54,3,2
0,0,0,0,584,12,3,3
0,0,0,0,535,35,3,3
0,0,0,0,708,29,2,3
0,0,0,0,47,26,1,1
0,0,0,0,744,20,2,2
0,0,0,0,657,107,2,3
0,0,0,0,732,16,3,3
0,0,0,0,250,35,3,3
0,0,0,0,164,30,2,3
0,0,0,0,701,94,3,2
0,0,0,0,599,34,0,0
0,0,0,0,608,10,1,1
0,0,0,0,131,58,0,0
0,0,0,0,147,5,3,3
0,0,0,0,548,21,3,2
0,0,0,0,700,13,2,2
0,0,0,0,411,10,0,1
0,0,0,0,508,58,2,2
0,0,0,0,160,42,0,1
0,0,0,0,368,9,0,0
0,0,0,0,651,29,2,3
0,0,0,0,624,22,0,1
0,0,0,0,519,29,2,2
0,0,0,0,719,28,0,0
0,0,0,0,274,61,2,2
0,0,0,0,545,9,1,1
0,0,0,0,261,21,0,1
0,0,0,0,374,35,0,1
0,0,0,0,152,25,0,1
0,0,0,0,437,43,3,3
0,0,0,0,231,17,0,1
0,0,0,0,72,35,3,3
0,0,0,0,340,36,0,1
0,0,0,0,16,25,0,0
0,0,0,0,646,9,2,3
0,0,0,0,618,60,1,1
0,0,0,0,639,37,2,3
0,0,0,0,732,53,3,3
0,0,0,0,117,47,3,2
0,0,0,0,453,2,3,3
0,0,0,0,218,17,2,2
0,0,0,0,285,27,0,0
0,0,0,0,11,35,0,0
0,0,0,0,806,43,3,3
0,0,0,0,260,37,2,2
0,0,0,0,505,60,1,1
0,0,0,0,129,9,2,2
0,0,0,0,493,40,1,1
0,0,0,0,160,16,0,1
0,0,0,0,388,1,1,1
0,0,0,0,741,12,0,0
0,0,0,0,438,20,3,3
0,0,0,0,30,20,1,1
0,0,0,0,362,20,1,1
0,0,0,0,593,9,1,1
0,0,0,0,204,5,1,1
0,0,0,0,707,35,2,2
0,0,0,0,174,61,3,3
0,0,0,0,101,34,2,2
0,0,0,0,414,47,3,3
0,0,0,0,84,22,0,0
0,0,0,0,510,16,3,3
0,0,0,0,392,24,0,1
0,0,0,0,755,42,3,3
0,0,0,0,127,58,2,3
0,0,0,0,518,11,2,2
0,0,0,0,413,25,3,3
0,0,0,0,284,39,1,1
0,0,0,0,78,10,3,3
0,0,0,0,793,35,3,2
0,0,0,0,357,52,0,0
0,0,0,0,471,36,1,1
0,0,0,0,530,15,3,3
0,0,0,0,305,34,1,1
0,0,0,0,74,25,1,1
0,0,0,0,227,43,3,3
0,0,0,0,556,5,2,2
0,0,0,0,506,4,1,1
0,0,0,0,354,1,0,1
0,0,0,0,454,39,3,2
0,0,0,0,391,61,2,3
0,0,0,0,682,21,1,1
0,0,0,0,510,44,3,3
0,0,0,0,526,35,1,0
0,0,0,0,44,35,2,2
0,0,0,0,83,77,1,0
0,0,0,0,697,6,2,2
0,0,0,0,800,66,3,3
0,0,0,0,688,54,3,3
0,0,0,0,141,31,3,3
0,0,0,0,50,35,1,1
0,0,0,0,33,9,0,0
0,0,0,0,28,19,2,2
0,0,0,0,173,55,1,1
0,0,0,0,11,31,0,0
0,0,0,0,71,13,2,2
0,0,0,0,588,24,0,1
0,0,0,0,524,66,2,3
0,0,0,0,21,15,2,2
0,0,0,0,259,58,2,2
0,0,0,0,21,63,2,2
0,0,0,0,555,20,2,2
0,0,0,0,495,34,2,2
0,0,0,0,443,16,1,0
0,0,0,0,476,36,1,0
0,0,0,0,58,56,2,3
0,0,0,0,482,54,3,3
0,0,0,0,424,50,1,1
0,0,0,0,446,23,3,3
0,0,0,0,476,12,0,0
0,0,0,0,749,13,3,2
0,0,0,0,737,3,0,1
0,0,0,0,415,35,2,2
0,0,0,0,567,56,1,1
0,0,0,0,251,40,0,1
0,0,0,0,658,21,3,3
0,0,0,0,352,11,0,1
0,0,0,0,623,28,0,0
0,0,0,0,740,16,0,1
0,0,0,0,703,25,0,0
0,0,0,0,401,40,3,3
0,0,0,0,338,40,0,0
0,0,0,0,574,28,0,0
0,0,0,0,126,55,2,2
0,0,0,0,53,13,1,1
0,0,0,0,424,21,1,1
0,0,0,0,429,43,2,2
0,0,0,0,363,37,2,3
0,0,0,0,65,26,2,3
0,0,0,0,392,7,1,1
0,0,0,0,753,35,0,0
0,0,0,0,312,23,2,3
0,0,0,0,739,21,3,2
0,0,0,0,362,43,1,1
0,0,0,0,297,41,2,2
0,0,0,0,282,60,1,1
0,0,0,0,530,1,3,3
0,0,0,0,716,13,1,1
0,0,0,0,777,25,2,3
0,0,0,0,369,5,0,2
0,0,0,0,330,39,0,0
0,0,0,0,479,23,3,3
0,0,0,0,262,89,2,2
0,0,0,0,695,12,2,3
0,0,0,0,95,20,0,1
0,0,0,0,466,40,0,0
0,0,0,0,613,31,0,0
0,0,0,0,751,35,0,0
0,0,0,0,442,19,2,3
0,0,0,0,75,40,3,3
0,0,0,0,571,69,2,2
0,0,0,0,103,16,0,1
0,0,0,0,42,35,1,0
0,0,0,0,108,53,0,0
0,0,0,0,629,43,3,2
0,0,0,0,378,13,2,2
0,0,0,0,389,20,2,2
0,0,0,0,103,40,1,1
0,0,0,0,48,23,2,2
0,0,0,0,698,28,1,0
0,0,0,0,58,66,3,3
0,0,0,0,391,41,3,3
0,0,0,0,43,25,3,3
0,0,0,0,696,12,1,0
0,0,0,0,192,26,2,3
0,0,0,0,419,43,3,3
0,0,0,0,626,34,3,3
0,0,0,0,61,82,3,3
0,0,0,0,298,16,0,0
0,0,0,0,567,20,1,1
0,0,0,0,651,13,3,3
0,0,0,0,554,14,2,2
0,0,0,0,339,2,3,2
0,0,0,0,531,29,2,3
0,0,0,0,23,55,0,0
0,0,0,0,304,61,1,1
0,0,0,0,329,9,3,3
0,0,0,0,678,43,3,3
0,0,0,0,655,2,1,0
0,0,0,0,584,61,2,3
0,0,0,0,216,70,0,0
0,0,0,0,627,9,3,2
0,0,0,0,397,41,3,2
0,0,0,0,673,34,1,0
0,0,0,0,557,20,3,3
0,0,0,0,722,17,1,1
0,0,0,0,791,35,3,3
0,0,0,0,631,11,2,2
0,0,0,0,164,31,2,3
0,0,0,0,336,41,2,2
0,0,0,0,534,11,0,0
0,0,0,0,577,2,2,2
0,0,0,0,657,20,3,3
0,0,0,0,606,16,0,1
0,0,0,0,124,21,3,2
0,0,0,0,293,30,3,3
0,0,0,0,586,9,0,0
0,0,0,0,463,54,0,1
0,0,0,0,758,58,2,3
0,0,0,0,250,83,3,3
0,0,0,0,356,42,1,0
0,0,0,0,748,10,0,0
0,0,0,0,405,58,2,2
0,0,0,0,648,35,3,2
0,0,0,0,217,41,1,1
0,0,0,0,562,48,1,1
0,0,0,0,159,22,0,1
0,0,0,0,560,65,1,1
0,0,0,0,467,43,2,2
0,0,0,0,309,25,0,0
0,0,0,0,721,84,2,2
0,0,0,0,735,5,2,2
0,0,0,0,465,28,3,2
0,0,0,0,749,31,3,2
0,0,0,0,691,87,3,3
0,0,0,0,223,9,2,2
0,0,0,0,68,31,1,0
0,0,0,0,380,3,1,0
0,0,0,0,89,35,0,0
0,0,0,0,163,35,3,3
0,0,0,0,635,3,2,3
0,0,0,0,171,9,2,2
0,0,0,0,569,35,2,2
0,0,0,0,152,35,1,1
0,0,0,0,18,9,1,1
0,0,0,0,210,48,2,2
0,0,0,0,100,1,0,0
0,0,0,0,455,37,2,3
0,0,0,0,634,43,0,0
0,0,0,0,75,23,3,3
0,0,0,0,661,25,0,1
0,0,0,0,423,60,0,0
0,0,0,0,276,22,2,2
0,0,0,0,441,30,3,3
0,0,0,0,793,47,3,2
0,0,0,0,665,34,1,1
0,0,0,0,662,43,2,2
0,0,0,0,739,60,3,2
0,0,0,0,588,43,1,1
0,0,0,0,243,52,0,1
0,0,0,0,607,54,1,0
0,0,0,0,741,72,0,0
0,0,0,0,95,10,1,1
0,0,0,0,719,25,0,0
0,0,0,0,414,56,3,3
0,0,0,0,695,13,3,3
0,0,0,0,685,17,1,1
0,0,0,0,470,61,2,3
0,0,0,0,557,17,3,3
0,0,0,0,487,31,3,3
0,0,0,0,381,23,3,3
0,0,0,0,677,54,1,1
0,0,0,0,87,1,1,1
0,0,0,0,755,58,2,3
0,0,0,0,781,47,1,1
0,0,0,0,222,72,3,2
0,0,0,0,619,20,1,1
0,0,0,0,311,101,1,3
0,0,0,0,207,60,1,1
0,0,0,0,694,5,3,3
0,0,0,0,794,30,3,3
0,0,0,0,155,1,3,2
0,0,0,0,423,65,0,0
0,0,0,0,276,50,2,2
0,0,0,0,803,55,3,2
0,0,0,0,542,51,2,2
0,0,0,0,469,39,1,1
0,0,0,0,461,35,2,3
0,0,0,0,446,21,3,3
0,0,0,0,514,47,2,2
0,0,0,0,517,16,2,3
0,0,0,0,200,31,3,3
0,0,0,0,147,61,2,3
0,0,0,0,568,14,2,2
0,0,0,0,533,5,3,3
0,0,0,0,434,30,1,1
0,0,0,0,471,41,1,1
0,0,0,0,414,40,3,3
0,0,0,0,537,23,2,3
0,0,0,0,208,9,1,1
0,0,0,0,334,23,3,3
0,0,0,0,583,55,3,3
0,0,0,0,622,41,2,2
0,0,0,0,489,47,2,2
0,0,0,0,590,12,0,0
0,0,0,0,78,20,2,3
0,0,0,0,672,56,0,1
0,0,0,0,308,50,0,1
0,0,0,0,577,31,2,2
0,0,0,0,72,4,3,3
0,0,0,0,245,6,2,3
0,0,0,0,170,24,1,1
0,0,0,0,573,62,3,3
0,0,0,0,711,23,0,1
0,0,0,0,132,22,1,1
0,0,0,0,36,37,2,3
0,0,0,0,545,58,1,1
0,0,0,0,446,13,3,3
0,0,0,0,682,15,1,1
0,0,0,0,541,57,3,2
0,0,0,0,260,81,2,2
0,0,0,0,198,53,2,2
0,0,0,0,57,37,2,3
0,0,0,0,626,58,2,3
0,0,0,0,433,1,0,0
0,0,0,0,154,22,1,0
0,0,0,0,213,31,0,1
0,0,0,0,306,55,0,1
0,0,0,0,296,56,2,0
0,0,0,0,807,9,0,0
0,0,0,0,498,34,2,2
0,0,0,0,107,40,2,3
0,0,0,0,177,29,1,0
0,0,0,0,252,23,2,2
0,0,0,0,712,14,2,3
0,0,0,0,241,25,0,0
0,0,0,0,399,61,0,0
0,0,0,0,751,16,2,0
0,0,0,0,374,2,2,1
0,0,0,0,163,54,3,3
0,0,0,0,19,16,0,1
0,0,0,0,209,43,2,2
0,0,0,0,67,62,2,2
0,0,0,0,55,4,3,2
0,0,0,0,225,31,0,0
0,0,0,0,197,37,2,3
0,0,0,0,482,10,2,3
0,0,0,0,93,56,2,2
0,0,0,0,205,9,0,0
0,0,0,0,495,25,2,2
0,0,0,0,567,55,1,1
0,0,0,0,394,31,3,3
0,0,0,0,106,61,3,3
0,0,0,0,7,21,1,0
0,0,0,0,554,60,2,2
0,0,0,0,76,22,3,3
0,0,0,0,605,42,3,2
0,0,0,0,61,19,3,3
0,0,0,0,248,94,3,2
0,0,0,0,450,32,3,3
0,0,0,0,561,55,1,1
0,0,0,0,656,58,2,3
0,0,0,0,628,20,0,0
0,0,0,0,710,35,3,3
0,0,0,0,484,14,0,3
0,0,0,0,467,69,2,2
0,0,0,0,256,44,0,1
0,0,0,0,666,43,0,0
0,0,0,0,735,42,3,2
0,0,0,0,305,12,1,1
0,0,0,0,593,41,1,1
0,0,0,0,216,26,0,0
0,0,0,0,213,15,1,1
0,0,0,0,751,36,0,0
0,0,0,0,690,25,3,3
0,0,0,0,687,5,3,3
0,0,0,0,421,6,3,3
0,0,0,0,279,34,1,1
0,0,0,0,152,6,1,1
0,0,0,0,460,16,0,1
0,0,0,0,526,49,0,0
0,0,0,0,113,2,3,3
0,0,0,0,503,63,3,3
0,0,0,0,521,8,1,0
0,0,0,0,182,53,0,3
0,0,0,0,424,11,0,1
0,0,0,0,238,90,2,2
0,0,0,0,554,10,2,2
0,0,0,0,322,1,3,3
0,0,0,0,239,15,1,1
0,0,0,0,403,56,1,1
0,0,0,0,611,34,3,3
0,0,0,0,724,13,2,2
0,0,0,0,779,73,0,1
0,0,0,0,518,9,2,2
0,0,0,0,6,36,3,2
0,0,0,0,582,76,1,1
0,0,0,0,102,31,1,1
0,0,0,0,8,1,0,0
0,0,0,0,457,53,1,3
0,0,0,0,188,40,0,0
0,0,0,0,98,79,2,2
0,0,0,0,333,16,0,0
0,0,0,0,362,45,1,1
0,0,0,0,669,19,3,2
0,0,0,0,288,58,1,0
0,0,0,0,41,35,2,2
0,0,0,0,562,21,1,1
0,0,0,0,553,1,2,2
0,0,0,0,339,14,3,2
0,0,0,0,769,58,1,3
0,0,0,0,302,23,0,0
0,0,0,0,225,34,0,0
0,0,0,0,233,13,1,1
0,0,0,0,92,35,1,0
0,0,0,0,515,53,1,1
0,0,0,0,185,1,3,3
0,0,0,0,676,30,2,2
0,0,0,0,688,55,2,3
0,0,0,0,664,65,2,2
0,0,0,0,26,20,3,3
0,0,0,0,71,1,2,2
0,0,0,0,30,3,0,1
0,0,0,0,519,76,2,2
0,0,0,0,694,35,3,3
0,0,0,0,785,6,0,0
0,0,0,0,198,28,3,2
0,0,0,0,224,15,0,0
0,0,0,0,193,30,3,3
0,0,0,0,577,81,2,2
0,0,0,0,31,15,2,2
0,0,0,0,297,51,2,2
0,0,0,0,480,16,0,0
0,0,0,0,141,24,3,3
0,0,0,0,645,20,3,2
0,0,0,0,532,5,3,3
0,0,0,0,593,22,1,1
0,0,0,0,13,2,3,3
0,0,0,0,43,31,3,3
0,0,0,0,97,31,0,1
0,0,0,0,463,11,0,1
0,0,0,0,390,43,2,3
0,0,0,0,412,13,3,3
0,0,0,0,333,13,1,0
0,0,0,0,313,21,2,3
0,0,0,0,427,21,3,3
0,0,0,0,423,56,0,0
0,0,0,0,536,50,1,1
0,0,0,0,629,47,2,2
0,0,0,0,89,48,0,0
0,0,0,0,358,35,3,3
0,0,0,0,315,25,0,0
0,0,0,0,418,61,2,3
0,0,0,0,61,43,3,3
0,0,0,0,78,29,2,3
0,0,0,0,710,16,3,3
0,0,0,0,719,88,0,0
0,0,0,0,370,9,3,3
0,0,0,0,304,1,1,1
0,0,0,0,799,41,3,2
0,0,0,0,704,51,3,3
0,0,0,0,620,12,1,0
0,0,0,0,578,30,2,3
0,0,0,0,555,23,2,2
0,0,0,0,32,25,1,1
0,0,0,0,118,16,2,2
0,0,0,0,109,78,1,1
0,0,0,0,427,3,2,3
0,0,0,0,215,31,0,0
0,0,0,0,557,35,3,3
0,0,0,0,458,9,0,0
0,0,0,0,655,56,0,0
0,0,0,0,631,16,2,2
0,0,0,0,90,1,0,1
0,0,0,0,274,22,2,2
0,0,0,0,426,35,0,1
0,0,0,0,505,12,1,1
0,0,0,0,203,3,2,2
0,0,0,0,345,58,1,1
0,0,0,0,452,2,2,2
0,0,0,0,435,27,0,0
0,0,0,0,120,45,0,0
0,0,0,0,434,11,0,1
0,0,0,0,394,2,2,3
0,0,0,0,327,51,0,0
0,0,0,0,273,40,3,3
0,0,0,0,752,28,0,0
0,0,0,0,99,37,0,0
0,0,0,0,143,90,1,0
0,0,0,0,118,1,3,2
0,0,0,0,370,37,2,3
0,0,0,0,244,53,1,1
0,0,0,0,91,29,2,1
0,0,0,0,46,37,0,0
0,0,0,0,618,13,1,1
0,0,0,0,625,31,2,2
0,0,0,0,753,107,0,0
0,0,0,0,555,34,2,2
0,0,0,0,371,35,0,0
0,0,0,0,680,61,2,3
0,0,0,0,79,70,2,2
0,0,0,0,101,3,2,2
0,0,0,0,731,54,3,3
0,0,0,0,105,31,1,1
0,0,0,0,724,3,2,2
0,0,0,0,258,32,2,3
0,0,0,0,412,45,2,3
0,0,0,0,641,28,3,2
0,0,0,0,440,106,0,0
0,0,0,0,184,35,3,3
0,0,0,0,211,44,0,0
0,0,0,0,39,8,2,3
0,0,0,0,735,37,2,2
0,0,0,0,107,34,3,3
0,0,0,0,396,12,0,0
0,0,0,0,191,16,0,1
0,0,0,0,127,40,3,3
0,0,0,0,222,1,2,2
0,0,0,0,452,9,2,2
0,0,0,0,677,55,1,1
0,0,0,0,179,31,2,2
0,0,0,0,457,40,2,3
0,0,0,0,311,37,2,3
0,0,0,0,7,34,1,0
0,0,0,0,148,22,2,2
0,0,0,0,169,35,1,1
0,0,0,0,759,21,1,1
0,0,0,0,330,47,0,0
0,0,0,0,454,9,2,2
0,0,0,0,262,43,2,2
0,0,0,0,50,37,1,1
0,0,0,0,647,23,0,0
0,0,0,0,400,36,2,2
0,0,0,0,626,31,3,3
0,0,0,0,20,23,1,1
0,0,0,0,314,9,0,0
0,0,0,0,655,1,0,0
0,0,0,0,211,3,0,0
0,0,0,0,652,62,0,0
0,0,0,0,207,10,0,1
0,0,0,0,540,52,3,3
0,0,0,0,373,21,2,2
0,0,0,0,303,57,0,3
0,0,0,0,316,21,1,1
0,0,0,0,263,40,1,0
0,0,0,0,321,14,0,0
0,0,0,0,756,34,0,0
0,0,0,0,392,40,0,1
0,0,0,0,612,21,0,0
0,0,0,0,15,3,2,3
0,0,0,0,791,31,2,3
0,0,0,0,595,35,3,3
0,0,0,0,348,40,2,2
0,0,0,0,38,16,3,2
0,0,0,0,128,28,3,3
0,0,0,0,635,16,3,3
0,0,0,0,538,2,3,3
0,0,0,0,93,34,3,2
0,0,0,0,46,1,0,0
0,0,0,0,396,25,0,0
0,0,0,0,312,41,3,3
0,0,0,0,548,47,3,2
0,0,0,0,126,22,2,2
0,0,0,0,530,55,3,3
0,0,0,0,27,3,3,3
0,0,0,0,74,39,1,1
0,0,0,0,362,12,1,1
0,0,0,0,127,35,3,3
0,0,0,0,369,23,2,2
0,0,0,0,63,34,0,1
0,0,0,0,315,28,0,0
0,0,0,0,385,15,2,2
0,0,0,0,20,13,0,1
0,0,0,0,761,16,2,2
0,0,0,0,106,55,3,3
0,0,0,0,713,29,2,3
0,0,0,0,476,27,0,0
0,0,0,0,361,55,3,2
0,0,0,0,194,20,0,0
0,0,0,0,139,73,3,3
0,0,0,0,311,35,3,3
0,0,0,0,387,16,0,1
0,0,0,0,411,11,0,1
0,0,0,0,719,54,0,0
0,0,0,0,670,55,2,2
0,0,0,0,492,84,2,2
0,0,0,0,274,17,2,2
0,0,0,0,336,94,2,2
0,0,0,0,795,36,1,1
0,0,0,0,372,10,3,3
0,0,0,0,352,2,1,1
0,0,0,0,382,21,3,3
0,0,0,0,699,36,0,0
0,0,0,0,359,16,3,2
0,0,0,0,214,28,0,1
0,0,0,0,783,9,3,2
0,0,0,0,622,14,0,2
0,0,0,0,180,56,3,3
0,0,0,0,200,25,2,3
0,0,0,0,103,31,3,1
0,0,0,0,338,10,1,0
0,0,0,0,231,68,0,1
0,0,0,0,702,61,2,3
0,0,0,0,164,14,3,3
0,0,0,0,226,3,2,2
0,0,0,0,634,23,0,0
0,0,0,0,237,41,0,1
0,0,0,0,578,56,3,3
0,0,0,0,463,61,1,1
0,0,0,0,331,58,2,3
0,0,0,0,529,97,2,2
0,0,0,0,412,28,3,3
0,0,0,0,797,61,2,3
0,0,0,0,114,20,2,2
0,0,0,0,728,73,0,0
0,0,0,0,406,22,1,1
0,0,0,0,570,34,3,2
0,0,0,0,558,17,3,3
0,0,0,0,459,1,2,2
0,0,0,0,347,61,1,1
0,0,0,0,408,55,1,1
0,0,0,0,223,2,2,2
0,0,0,0,771,73,2,2
0,0,0,0,359,25,3,2
0,0,0,0,727,43,3,3
0,0,0,0,471,22,1,1
0,0,0,0,86,25,0,0
0,0,0,0,370,53,3,3
0,0,0,0,87,34,1,1
0,0,0,0,403,22,0,1
0,0,0,0,610,16,0,1
0,0,0,0,198,20,2,2
0,0,0,0,521,6,1,0
0,0,0,0,168,29,1,0
0,0,0,0,339,37,2,2
0,0,0,0,296,58,3,0
0,0,0,0,272,29,2,3
0,0,0,0,355,99,3,3
0,0,0,0,561,17,0,1
0,0,0,0,378,14,2,2
0,0,0,0,708,9,2,3
0,0,0,0,506,3,1,1
0,0,0,0,457,37,2,3
0,0,0,0,565,28,3,2
0,0,0,0,125,50,0,0
0,0,0,0,210,66,3,2
0,0,0,0,179,9,3,2
0,0,0,0,373,14,3,2
0,0,0,0,84,35,0,0
0,0,0,0,737,16,0,1
0,0,0,0,699,25,0,0
0,0,0,0,397,26,2,2
0,0,0,0,721,3,2,2
0,0,0,0,598,13,2,2
0,0,0,0,125,39,0,0
0,0,0,0,162,85,0,1
0,0,0,0,524,69,2,3
0,0,0,0,175,43,1,1
0,0,0,0,53,37,1,1
0,0,0,0,463,55,1,1
0,0,0,0,794,45,2,3
0,0,0,0,101,35,2,2
0,0,0,0,560,2,1,1
0,0,0,0,635,40,3,3
0,0,0,0,329,60,3,3
0,0,0,0,174,6,3,3
0,0,0,0,713,41,2,3
0,0,0,0,204,43,1,1
0,0,0,0,764,43,3,2
0,0,0,0,614,34,2,2
0,0,0,0,229,13,0,0
0,0,0,0,171,57,2,2
0,0,0,0,514,35,2,2
0,0,0,0,409,10,0,1
0,0,0,0,594,55,0,0
0,0,0,0,278,34,2,2
0,0,0,0,137,50,3,3
0,0,0,0,577,28,2,2
0,0,0,0,751,3,3,0
0,0,0,0,320,16,3,3
0,0,0,0,186,4,3,2
0,0,0,0,381,39,2,3
0,0,0,0,776,9,0,1
0,0,0,0,734,28,1,0
0,0,0,0,312,35,3,3
0,0,0,0,250,73,3,3
0,0,0,0,507,34,2,2
0,0,0,0,510,24,3,3
0,0,0,0,198,30,3,2
0,0,0,0,628,1,0,0
0,0,0,0,175,13,0,1
0,0,0,0,518,2,3,2
0,0,0,0,512,35,1,0
0,0,0,0,150,49,3,3
0,0,0,0,409,35,1,1
0,0,0,0,94,77,3,3
0,0,0,0,201,8,2,2
0,0,0,0,702,16,2,3
0,0,0,0,29,12,3,3
0,0,0,0,702,42,3,3
0,0,0,0,713,13,3,3
0,0,0,0,624,28,1,1
0,0,0,0,213,35,0,1
0,0,0,0,295,28,1,0
0,0,0,0,84,16,0,0
0,0,0,0,421,15,3,3
0,0,0,0,618,55,1,1
0,0,0,0,10,12,0,0
0,0,0,0,322,20,2,3
0,0,0,0,365,6,1,1
0,0,0,0,383,79,1,1
0,0,0,0,792,9,3,3
0,0,0,0,104,72,3,2
0,0,0,0,477,13,0,0
0,0,0,0,120,63,0,0
0,0,0,0,726,43,2,3
0,0,0,0,520,41,0,0
0,0,0,0,60,81,2,2
0,0,0,0,140,8,0,0
0,0,0,0,165,3,1,0
0,0,0,0,334,47,3,3
0,0,0,0,455,16,2,3
0,0,0,0,37,35,3,3
0,0,0,0,370,1,3,3
0,0,0,0,310,36,1,1
0,0,0,0,618,20,1,1
0,0,0,0,376,11,0,0
0,0,0,0,404,20,3,3
0,0,0,0,88,9,1,1
0,0,0,0,191,57,0,1
0,0,0,0,257,5,1,0
0,0,0,0,435,20,0,0
0,0,0,0,93,77,3,2
0,0,0,0,156,31,2,2
0,0,0,0,709,16,0,1
0,0,0,0,430,31,2,2
0,0,0,0,88,19,1,1
0,0,0,0,471,10,0,1
0,0,0,0,559,25,1,1
0,0,0,0,249,55,1,1
0,0,0,0,89,59,0,0
0,0,0,0,103,55,1,1
0,0,0,0,73,3,1,1
0,0,0,0,396,58,0,0
0,0,0,0,72,31,2,3
0,0,0,0,224,10,0,0
0,0,0,0,11,50,0,0
0,0,0,0,529,40,2,2
0,0,0,0,240,19,2,2
0,0,0,0,761,3,2,2
0,0,0,0,72,43,3,3
0,0,0,0,357,20,0,0
0,0,0,0,130,9,1,1
0,0,0,0,401,16,3,3
0,0,0,0,438,50,3,3
0,0,0,0,70,55,2,2
0,0,0,0,674,8,3,3
0,0,0,0,504,11,1,0
0,0,0,0,623,5,0,0
0,0,0,0,41,72,2,2
0,0,0,0,364,9,3,3
0,0,0,0,549,13,2,2
0,0,0,0,69,5,1,2
0,0,0,0,661,28,1,1
0,0,0,0,248,47,3,2
0,0,0,0,197,9,3,3
0,0,0,0,183,25,3,3
0,0,0,0,507,43,2,2
0,0,0,0,430,29,2,2
0,0,0,0,791,23,3,3
0,0,0,0,393,31,0,0
0,0,0,0,152,53,1,1
0,0,0,0,368,47,1,0
0,0,0,0,28,27,2,2
0,0,0,0,467,34,2,2
0,0,0,0,398,35,0,1
0,0,0,0,4,20,0,0
0,0,0,0,135,25,2,2
0,0,0,0,738,20,3,3
0,0,0,0,130,16,0,1
0,0,0,0,426,58,1,1
0,0,0,0,3,3,1,1
0,0,0,0,619,12,1,1
0,0,0,0,319,20,2,2
0,0,0,0,267,31,3,2
0,0,0,0,199,55,2,3
0,0,0,0,343,66,1,1
0,0,0,0,181,9,3,3
0,0,0,0,361,54,2,2
0,0,0,0,711,72,0,1
0,0,0,0,246,23,3,3
0,0,0,0,499,20,3,3
0,0,0,0,807,53,1,0
0,0,0,0,121,40,0,0
0,0,0,0,205,43,0,0
0,0,0,0,417,40,1,0
0,0,0,0,34,3,0,0
0,0,0,0,529,10,2,2
0,0,0,0,41,49,2,2
0,0,0,0,487,41,3,3
0,0,0,0,561,56,1,1
0,0,0,0,620,51,1,0
0,0,0,0,510,12,3,3
0,0,0,0,699,13,1,0
0,0,0,0,420,17,0,1
0,0,0,0,521,43,2,0
0,0,0,0,634,58,1,0
0,0,0,0,401,23,3,3
0,0,0,0,64,83,2,2
0,0,0,0,487,35,3,3
0,0,0,0,712,22,3,3
0,0,0,0,685,20,1,1
0,0,0,0,335,1,0,0
0,0,0,0,97,15,1,1
0,0,0,0,205,19,0,0
0,0,0,0,494,6,3,3
0,0,0,0,423,16,1,0
0,0,0,0,166,13,3,2
0,0,0,0,296,3,1,0
0,0,0,0,345,1,1,1
0,0,0,0,110,61,2,2
0,0,0,0,341,13,3,3
0,0,0,0,621,30,0,0
0,0,0,0,356,44,0,0
0,0,0,0,151,25,3,3
0,0,0,0,770,53,2,3
0,0,0,0,92,14,0,0
0,0,0,0,61,35,3,3
0,0,0,0,18,43,1,1
0,0,0,0,568,1,3,2
0,0,0,0,37,5,3,3
0,0,0,0,617,43,3,2
0,0,0,0,772,27,1,1
0,0,0,0,581,63,2,2
0,0,0,0,555,40,2,2
0,0,0,0,275,3,1,1
0,0,0,0,64,55,2,2
0,0,0,0,88,10,0,1
0,0,0,0,185,55,3,3
0,0,0,0,106,54,3,3
0,0,0,0,345,37,1,1
0,0,0,0,717,13,2,3
0,0,0,0,717,42,2,3
0,0,0,0,323,25,2,2
0,0,0,0,658,28,3,3
0,0,0,0,618,50,1,1
0,0,0,0,415,58,2,2
0,0,0,0,745,13,3,3
0,0,0,0,606,25,1,1
0,0,0,0,627,5,2,2
0,0,0,0,782,6,2,2
0,0,0,0,332,5,2,2
0,0,0,0,681,59,0,0
0,0,0,0,490,21,3,2
0,0,0,0,590,20,0,0
0,0,0,0,115,12,2,2
0,0,0,0,224,28,0,0
0,0,0,0,447,25,1,0
0,0,0,0,146,9,1,1
0,0,0,0,304,17,1,1
0,0,0,0,592,58,2,2
0,0,0,0,711,47,1,1
0,0,0,0,597,43,2,2
0,0,0,0,477,29,1,0
0,0,0,0,614,35,2,2
0,0,0,0,595,20,2,3
0,0,0,0,651,40,3,3
0,0,0,0,628,13,1,0
0,0,0,0,99,3,1,0
0,0,0,0,321,30,0,0
0,0,0,0,298,9,0,0
0,0,0,0,235,50,2,2
0,0,0,0,725,28,2,2
0,0,0,0,799,63,3,2
0,0,0,0,666,59,0,0
0,0,0,0,279,20,1,1
0,0,0,0,186,28,3,2
0,0,0,0,9,9,0,0
0,0,0,0,294,14,2,2
0,0,0,0,4,27,0,0
0,0,0,0,76,68,3,3
0,0,0,0,604,3,2,3
0,0,0,0,207,23,1,1
0,0,0,0,30,35,0,1
0,0,0,0,240,20,2,2
0,0,0,0,645,34,3,2
0,0,0,0,596,23,0,1
0,0,0,0,144,37,1,1
0,0,0,0,201,43,3,2
0,0,0,0,129,13,2,2
0,0,0,0,355,53,3,3
0,0,0,0,294,6,3,2
0,0,0,0,800,5,3,3
0,0,0,0,435,62,0,0
0,0,0,0,115,9,3,2
0,0,0,0,471,28,1,1
0,0,0,0,12,31,1,1
0,0,0,0,400,44,2,2
0,0,0,0,781,20,1,1
0,0,0,0,210,31,2,2
0,0,0,0,158,80,2,2
0,0,0,0,322,3,3,3
0,0,0,0,248,29,2,2
0,0,0,0,100,26,1,0
0,0,0,0,355,3,2,3
0,0,0,0,129,31,2,2
0,0,0,0,228,22,3,2
0,0,0,0,574,30,0,0
0,0,0,0,17,43,3,3
0,0,0,0,397,9,3,2
0,0,0,0,672,62,1,1
0,0,0,0,14,36,1,1
0,0,0,0,627,16,2,2
0,0,0,0,648,9,2,2
0,0,0,0,305,35,1,1
0,0,0,0,579,20,2,2
0,0,0,0,270,16,2,3
0,0,0,0,629,3,2,2
0,0,0,0,102,73,0,1
0,0,0,0,497,54,3,3
0,0,0,0,607,55,1,0
0,0,0,0,44,21,2,2
0,0,0,0,290,29,1,1
0,0,0,0,337,39,3,3
0,0,0,0,516,5,3,3
0,0,0,0,497,35,3,3
0,0,0,0,302,58,1,0
0,0,0,0,671,21,2,2
0,0,0,0,414,21,2,3
0,0,0,0,42,16,1,0
0,0,0,0,416,46,3,3
0,0,0,0,254,31,2,3
0,0,0,0,245,76,3,3
0,0,0,0,693,16,0,0
0,0,0,0,586,22,0,0
0,0,0,0,214,21,1,1
0,0,0,0,81,39,1,1
0,0,0,0,669,47,3,2
0,0,0,0,351,3,2,3
0,0,0,0,458,10,0,0
0,0,0,0,456,61,2,2
0,0,0,0,739,63,2,2
0,0,0,0,276,37,2,2
0,0,0,0,517,17,3,3
0,0,0,0,213,34,1,1
0,0,0,0,226,8,2,2
0,0,0,0,446,43,3,3
0,0,0,0,235,3,2,2
0,0,0,0,733,45,0,0
0,0,0,0,97,10,0,1
0,0,0,0,761,31,2,2
0,0,0,0,245,39,3,3
0,0,0,0,782,22,2,2
0,0,0,0,525,13,1,1
0,0,0,0,631,27,2,2
0,0,0,0,94,45,2,3
0,0,0,0,369,35,2,2
0,0,0,0,287,58,0,0
0,0,0,0,176,31,1,1
0,0,0,0,714,47,1,1
0,0,0,0,680,35,3,3
0,0,0,0,807,28,1,0
0,0,0,0,177,36,0,0
0,0,0,0,86,26,1,0
0,0,0,0,21,16,2,2
0,0,0,0,141,44,3,3
0,0,0,0,317,13,3,3
0,0,0,0,364,30,3,3
0,0,0,0,286,58,2,2
0,0,0,0,212,16,0,1
0,0,0,0,761,13,3,2
0,0,0,0,264,40,1,1
0,0,0,0,293,50,2,3
0,0,0,0,71,54,2,2
0,0,0,0,254,40,3,3
0,0,0,0,773,72,3,3
0,0,0,0,449,35,3,3
0,0,0,0,70,17,2,2
0,0,0,0,654,55,1,1
0,0,0,0,101,27,2,2
0,0,0,0,59,25,0,1
0,0,0,0,478,58,2,3
0,0,0,0,706,11,0,0
0,0,0,0,795,16,0,1
0,0,0,0,754,43,0,0
0,0,0,0,446,34,3,3
0,0,0,0,40,19,2,2
0,0,0,0,787,61,1,1
0,0,0,0,688,16,3,3
0,0,0,0,770,35,3,3
0,0,0,0,303,9,3,3
0,0,0,0,18,17,1,1
0,0,0,0,653,59,3,3
0,0,0,0,712,16,3,3
0,0,0,0,44,37,2,2
0,0,0,0,675,3,3,3
0,0,0,0,436,70,3,3
0,0,0,0,740,40,1,1
0,0,0,0,659,16,3,3
0,0,0,0,392,25,1,1
0,0,0,0,244,47,1,1
0,0,0,0,135,5,2,2
0,0,0,0,45,3,1,0
0,0,0,0,2,9,3,2
0,0,0,0,684,22,0,0
0,0,0,0,611,22,3,3
0,0,0,0,559,73,0,1
0,0,0,0,427,15,3,3
0,0,0,0,737,41,1,1
0,0,0,0,429,9,3,2
0,0,0,0,388,6,1,1
0,0,0,0,547,35,3,3
0,0,0,0,346,45,2,2
0,0,0,0,157,13,1,1
0,0,0,0,343,61,1,1
0,0,0,0,275,35,2,1
0,0,0,0,479,35,3,3
0,0,0,0,447,19,0,0
0,0,0,0,98,15,2,2
0,0,0,0,761,9,3,2
0,0,0,0,473,37,1,1
0,0,0,0,544,59,0,0
0,0,0,0,159,9,1,1
0,0,0,0,32,27,1,1
0,0,0,0,781,3,1,1
0,0,0,0,133,61,1,1
0,0,0,0,518,53,3,2
0,0,0,0,221,20,3,3
0,0,0,0,690,9,2,3
0,0,0,0,774,20,1,0
0,0,0,0,748,3,0,0
0,0,0,0,763,47,1,1
0,0,0,0,526,3,0,0
0,0,0,0,113,20,3,3
0,0,0,0,665,73,0,1
0,0,0,0,464,50,2,2
0,0,0,0,135,58,2,2
0,0,0,0,441,35,3,3
0,0,0,0,57,47,3,3
0,0,0,0,253,48,2,2
0,0,0,0,583,10,3,3
0,0,0,0,501,27,0,0
0,0,0,0,122,22,2,2
0,0,0,0,92,34,1,0
0,0,0,0,692,35,1,0
0,0,0,0,234,55,1,1
0,0,0,0,522,26,0,2
0,0,0,0,337,10,2,3
0,0,0,0,249,3,1,1
0,0,0,0,129,34,2,2
0,0,0,0,19,9,0,1
0,0,0,0,127,25,3,3
0,0,0,0,736,9,2,2
0,0,0,0,590,16,0,0
0,0,0,0,374,26,2,1
0,0,0,0,96,15,2,2
0,0,0,0,643,16,0,1
0,0,0,0,403,35,1,1
0,0,0,0,377,37,2,2
0,0,0,0,166,53,3,2
0,0,0,0,487,9,3,3
0,0,0,0,370,66,3,3
0,0,0,0,35,20,2,3
0,0,0,0,113,1,3,3
0,0,0,0,780,55,3,2
0,0,0,0,244,12,1,1
0,0,0,0,715,16,2,3
0,0,0,0,270,85,2,3
0,0,0,0,221,19,3,3
0,0,0,0,797,3,2,3
0,0,0,0,140,10,1,0
0,0,0,0,151,36,3,3
0,0,0,0,776,14,0,1
0,0,0,0,504,52,1,0
0,0,0,0,708,20,3,3
0,0,0,0,709,42,1,1
0,0,0,0,550,13,2,2
0,0,0,0,153,51,3,2
0,0,0,0,691,9,3,3
0,0,0,0,677,19,0,1
0,0,0,0,766,13,0,0
0,0,0,0,710,23,3,3
0,0,0,0,517,70,3,3
0,0,0,0,775,20,2,2
0,0,0,0,652,66,1,0
0,0,0,0,615,37,0,0
0,0,0,0,779,25,0,1
0,0,0,0,179,34,2,2
0,0,0,0,239,9,1,1
0,0,0,0,146,2,1,1
0,0,0,0,723,11,0,0
0,0,0,0,357,31,0,0
0,0,0,0,632,5,3,3
0,0,0,0,504,31,1,0
0,0,0,0,263,1,1,0
0,0,0,0,167,19,0,0
0,0,0,0,101,55,2,2
0,0,0,0,785,29,1,0
0,0,0,0,723,72,0,0
0,0,0,0,444,41,1,1
0,0,0,0,291,16,3,3
0,0,0,0,368,24,0,0
0,0,0,0,216,15,0,0
0,0,0,0,187,96,3,3
0,0,0,0,449,2,3,3
0,0,0,0,187,13,3,3
0,0,0,0,407,9,0,1
0,0,0,0,264,28,0,1
0,0,0,0,468,39,2,2
0,0,0,0,368,3,0,0
0,0,0,0,255,5,2,2
0,0,0,0,320,24,3,3
0,0,0,0,768,16,2,2
0,0,0,0,635,5,3,3
0,0,0,0,298,65,0,0
0,0,0,0,62,81,0,0
0,0,0,0,234,56,0,1
0,0,0,0,58,25,3,3
0,0,0,0,546,54,2,2
0,0,0,0,36,25,3,3
0,0,0,0,756,30,0,0
0,0,0,0,551,13,0,0
0,0,0,0,140,11,0,0
0,0,0,0,69,70,2,2
0,0,0,0,790,30,0,0
0,0,0,0,580,31,3,3
0,0,0,0,240,16,2,2
0,0,0,0,221,68,3,3
0,0,0,0,277,41,2,2
0,0,0,0,165,43,0,0
0,0,0,0,687,34,3,3
0,0,0,0,511,21,0,0
0,0,0,0,413,12,3,3
0,0,0,0,252,42,2,2
0,0,0,0,720,9,2,1
0,0,0,0,545,53,1,1
0,0,0,0,296,20,0,0
0,0,0,0,356,20,1,0
0,0,0,0,549,31,3,2
0,0,0,0,148,29,2,2
0,0,0,0,110,22,2,2
0,0,0,0,339,67,2,2
0,0,0,0,519,16,2,2
0,0,0,0,236,63,0,0
0,0,0,0,317,62,3,3
0,0,0,0,332,39,3,2
0,0,0,0,330,31,0,0
0,0,0,0,220,5,0,0
0,0,0,0,336,90,2,2
0,0,0,0,491,22,3,3
0,0,0,0,781,43,1,1
0,0,0,0,261,76,0,1
0,0,0,0,640,8,1,0
0,0,0,0,743,35,3,3
0,0,0,0,509,3,2,3
0,0,0,0,766,43,0,0
0,0,0,0,256,13,0,1
0,0,0,0,538,50,2,3
0,0,0,0,157,61,1,1
0,0,0,0,312,3,2,3
0,0,0,0,497,5,2,3
0,0,0,0,13,9,3,3
0,0,0,0,4,26,0,0
0,0,0,0,734,9,0,0
0,0,0,0,756,13,0,0
0,0,0,0,103,21,1,1
0,0,0,0,351,34,3,3
0,0,0,0,56,37,1,1
0,0,0,0,127,31,3,3
0,0,0,0,206,34,3,3
0,0,0,0,263,37,1,0
0,0,0,0,149,55,2,3
0,0,0,0,161,10,2,2
0,0,0,0,382,23,3,3
0,0,0,0,4,23,0,0
0,0,0,0,186,40,3,2
0,0,0,0,502,16,2,2
0,0,0,0,158,73,2,2
0,0,0,0,553,43,2,2
0,0,0,0,395,31,1,1
0,0,0,0,707,58,2,2
0,0,0,0,148,43,2,2
0,0,0,0,10,34,0,0
0,0,0,0,276,1,2,2
0,0,0,0,305,31,0,1
0,0,0,0,238,85,2,2
0,0,0,0,326,9,2,2
0,0,0,0,253,22,3,2
0,0,0,0,581,1,2,2
0,0,0,0,139,28,3,3
0,0,0,0,505,40,1,1
0,0,0,0,764,34,3,2
0,0,0,0,370,16,3,3
0,0,0,0,543,41,0,0
0,0,0,0,135,12,2,2
0,0,0,0,631,13,2,2
0,0,0,0,528,61,3,3
0,0,0,0,771,66,2,2
0,0,0,0,52,42,2,2
0,0,0,0,279,56,1,1
0,0,0,0,460,28,1,1
0,0,0,0,736,35,3,2
0,0,0,0,484,34,3,3
0,0,0,0,796,55,3,3
0,0,0,0,306,49,0,1
0,0,0,0,599,60,0,0
0,0,0,0,749,63,3,2
0,0,0,0,11,19,0,0
0,0,0,0,538,54,3,3
0,0,0,0,751,30,0,0
0,0,0,0,437,30,3,3
0,0,0,0,197,11,3,3
0,0,0,0,381,20,2,3
0,0,0,0,47,9,1,1
0,0,0,0,251,7,0,1
0,0,0,0,676,39,2,2
0,0,0,0,700,16,2,2
0,0,0,0,252,2,3,2
0,0,0,0,408,36,1,1
0,0,0,0,81,77,0,1
0,0,0,0,601,53,1,1
0,0,0,0,118,8,3,2
0,0,0,0,732,7,2,3
0,0,0,0,518,16,3,2
0,0,0,0,240,1,2,2
0,0,0,0,418,23,3,3
0,0,0,0,711,8,0,1
0,0,0,0,577,37,2,2
0,0,0,0,121,10,0,0
0,0,0,0,243,43,1,1
0,0,0,0,585,41,2,2
0,0,0,0,498,22,2,2
0,0,0,0,230,31,0,1
0,0,0,0,790,3,1,0
0,0,0,0,99,57,1,0
0,0,0,0,607,9,1,0
0,0,0,0,303,58,0,3
0,0,0,0,643,25,0,1
0,0,0,0,279,53,1,1
0,0,0,0,744,39,2,2
0,0,0,0,411,42,1,1
0,0,0,0,758,25,3,3
0,0,0,0,657,29,2,3
0,0,0,0,747,63,1,1
0,0,0,0,504,99,2,0
0,0,0,0,805,22,2,2
0,0,0,0,300,40,1,1
0,0,0,0,436,20,2,3
0,0,0,0,767,59,1,1
0,0,0,0,104,10,3,2
0,0,0,0,14,35,0,1
0,0,0,0,332,3,2,2
0,0,0,0,200,22,3,3
0,0,0,0,630,14,2,3
0,0,0,0,224,20,1,0
0,0,0,0,488,13,0,0
0,0,0,0,350,19,1,1
0,0,0,0,569,55,0,2
0,0,0,0,7,40,1,0
0,0,0,0,502,6,2,2
0,0,0,0,185,60,3,3
0,0,0,0,224,36,0,0
0,0,0,0,522,43,2,2
0,0,0,0,598,71,2,2
0,0,0,0,333,41,0,0
0,0,0,0,35,56,2,3
0,0,0,0,103,49,1,1
0,0,0,0,217,60,1,1
0,0,0,0,717,55,2,3
0,0,0,0,630,73,2,3
0,0,0,0,232,51,3,3
0,0,0,0,260,50,2,2
0,0,0,0,781,13,1,1
0,0,0,0,752,16,2,0
0,0,0,0,343,20,1,1
0,0,0,0,610,61,1,1
0,0,0,0,252,3,2,2
0,0,0,0,182,47,3,3
0,0,0,0,773,20,3,3
0,0,0,0,447,5,0,0
0,0,0,0,275,32,2,1
0,0,0,0,788,16,2,2
0,0,0,0,737,66,0,1
0,0,0,0,13,1,3,3
0,0,0,0,713,73,3,3
0,0,0,0,484,55,2,3
0,0,0,0,287,43,0,0
0,0,0,0,557,21,3,3
0,0,0,0,151,88,3,3
0,0,0,0,557,9,3,3
0,0,0,0,530,16,3,3
0,0,0,0,418,53,3,3
0,0,0,0,522,52,3,2
0,0,0,0,47,34,1,1
0,0,0,0,674,16,3,3
0,0,0,0,22,23,3,3
0,0,0,0,685,42,1,1
0,0,0,0,689,42,3,3
0,0,0,0,640,31,0,0
0,0,0,0,164,56,2,3
0,0,0,0,807,43,1,0
0,0,0,0,78,1,3,3
0,0,0,0,221,47,3,3
0,0,0,0,731,31,3,3
0,0,0,0,647,25,0,0
0,0,0,0,85,20,1,1
0,0,0,0,667,31,0,0
0,0,0,0,549,10,3,2
0,0,0,0,379,89,3,2
0,0,0,0,17,58,2,3
0,0,0,0,661,50,0,1
0,0,0,0,748,66,0,0
0,0,0,0,199,41,3,3
0,0,0,0,333,35,0,0
0,0,0,0,402,55,1,1
0,0,0,0,36,71,3,3
0,0,0,0,273,61,0,3
0,0,0,0,688,61,2,3
0,0,0,0,178,10,3,3
0,0,0,0,458,40,0,0
0,0,0,0,490,35,3,2
0,0,0,0,575,44,3,3
0,0,0,0,589,50,1,1
0,0,0,0,559,50,1,1
0,0,0,0,325,28,3,2
0,0,0,0,355,40,3,3
0,0,0,0,353,16,3,2
0,0,0,0,173,40,1,1
0,0,0,0,531,12,3,3
0,0,0,0,139,55,3,3
0,0,0,0,709,34,1,1
0,0,0,0,608,9,1,1
0,0,0,0,54,35,0,0
0,0,0,0,758,6,3,3
0,0,0,0,807,13,1,0
0,0,0,0,754,9,0,0
0,0,0,0,580,80,3,3
0,0,0,0,417,20,1,0
0,0,0,0,787,30,1,1
0,0,0,0,241,3,0,0
0,0,0,0,246,16,3,3
0,0,0,0,228,13,3,2
0,0,0,0,273,36,3,3
0,0,0,0,544,40,0,0
0,0,0,0,635,22,3,3
0,0,0,0,13,25,2,3
0,0,0,0,515,3,1,1
0,0,0,0,327,54,0,0
0,0,0,0,439,10,0,1
0,0,0,0,17,22,3,3
0,0,0,0,554,34,2,2
0,0,0,0,658,37,2,3
0,0,0,0,281,17,0,0
0,0,0,0,727,22,3,3
0,0,0,0,553,28,2,2
0,0,0,0,673,27,1,0
0,0,0,0,94,15,2,3
0,0,0,0,544,35,1,0
0,0,0,0,180,26,2,3
0,0,0,0,639,39,3,3
0,0,0,0,62,61,0,0
0,0,0,0,486,10,3,2
0,0,0,0,522,23,2,2
0,0,0,0,735,20,2,2
0,0,0,0,132,52,1,1
0,0,0,0,161,43,3,2
0,0,0,0,496,43,1,1
0,0,0,0,422,5,3,3
0,0,0,0,306,14,0,1
0,0,0,0,46,40,0,0
0,0,0,0,716,30,1,1
0,0,0,0,535,40,3,3
0,0,0,0,192,16,3,3
0,0,0,0,174,1,3,3
0,0,0,0,197,17,3,3
0,0,0,0,410,16,0,0
0,0,0,0,798,22,0,0
0,0,0,0,625,1,2,2
0,0,0,0,271,20,3,3
0,0,0,0,667,36,0,0
0,0,0,0,491,61,3,3
0,0,0,0,481,20,1,1
0,0,0,0,145,2,0,0
0,0,0,0,340,37,0,1
0,0,0,0,383,44,0,1
0,0,0,0,76,3,3,3
0,0,0,0,463,40,1,1
0,0,0,0,269,13,0,0
0,0,0,0,477,20,0,0
0,0,0,0,566,8,2,3
0,0,0,0,417,34,1,0
0,0,0,0,516,39,2,3
0,0,0,0,679,61,0,0
0,0,0,0,145,16,0,0
0,0,0,0,160,31,0,1
0,0,0,0,387,12,1,1
0,0,0,0,219,9,1,1
0,0,0,0,663,16,0,1
0,0,0,0,635,97,3,3
0,0,0,0,521,35,0,0
0,0,0,0,511,3,2,0
0,0,0,0,33,25,1,0
0,0,0,0,333,45,0,0
0,0,0,0,37,58,2,3
0,0,0,0,229,1,0,0
0,0,0,0,483,35,3,3
0,0,0,0,165,31,1,0
0,0,0,0,791,20,3,3
0,0,0,0,680,40,3,3
0,0,0,0,292,35,2,2
0,0,0,0,160,21,1,1
0,0,0,0,314,37,0,0
0,0,0,0,656,43,3,3
0,0,0,0,123,21,2,2
0,0,0,0,415,69,2,2
0,0,0,0,465,41,3,2
0,0,0,0,500,59,2,2
0,0,0,0,520,43,0,0
0,0,0,0,517,35,2,3
0,0,0,0,564,76,3,2
0,0,0,0,469,13,1,1
0,0,0,0,499,35,3,3
0,0,0,0,704,35,3,3
0,0,0,0,552,12,1,0
0,0,0,0,741,31,1,0
0,0,0,0,299,42,0,0
0,0,0,0,761,59,2,2
0,0,0,0,381,16,3,3
0,0,0,0,760,43,0,1
0,0,0,0,218,69,2,2
0,0,0,0,451,13,3,3
0,0,0,0,604,13,3,3
0,0,0,0,492,22,2,2
0,0,0,0,801,9,2,2
0,0,0,0,366,35,3,3
0,0,0,0,418,58,2,3
0,0,0,0,698,42,1,0
0,0,0,0,382,20,2,3
0,0,0,0,652,34,0,0
0,0,0,0,73,35,0,1
0,0,0,0,642,58,1,0
0,0,0,0,44,66,2,2
0,0,0,0,702,3,2,3
0,0,0,0,94,31,3,3
0,0,0,0,255,13,2,2
0,0,0,0,510,36,3,3
0,0,0,0,591,6,1,1
0,0,0,0,700,40,3,2
0,0,0,0,481,50,1,1
0,0,0,0,210,54,3,2
0,0,0,0,340,72,0,1
0,0,0,0,52,40,2,2
0,0,0,0,53,56,0,1
0,0,0,0,521,31,1,0
0,0,0,0,399,27,0,0
0,0,0,0,472,20,1,1
0,0,0,0,562,1,0,1
0,0,0,0,514,57,2,2
0,0,0,0,686,35,0,0
0,0,0,0,518,13,3,2
0,0,0,0,515,11,0,1
0,0,0,0,567,21,1,1
0,0,0,0,194,17,0,0
0,0,0,0,52,12,2,2
0,0,0,0,682,1,1,1
0,0,0,0,489,80,2,2
0,0,0,0,35,25,3,3
0,0,0,0,336,13,2,2
0,0,0,0,371,9,0,0
0,0,0,0,97,62,0,1
0,0,0,0,249,41,1,1
0,0,0,0,475,51,0,0
0,0,0,0,787,23,0,1
0,0,0,0,425,31,2,2
0,0,0,0,41,75,2,2
0,0,0,0,359,1,2,2
0,0,0,0,293,3,3,3
0,0,0,0,49,2,3,2
0,0,0,0,259,34,2,2
0,0,0,0,433,5,0,0
0,0,0,0,547,20,2,3
0,0,0,0,756,3,1,0
0,0,0,0,683,6,3,2
0,0,0,0,327,19,1,0
0,0,0,0,696,34,0,0
0,0,0,0,762,29,2,3
0,0,0,0,60,12,3,2
0,0,0,0,91,56,1,1
0,0,0,0,691,53,3,3
0,0,0,0,275,16,0,1
0,0,0,0,31,13,2,2
0,0,0,0,369,34,3,2
0,0,0,0,602,1,2,2
0,0,0,0,615,34,0,0
0,0,0,0,514,34,2,2
0,0,0,0,338,20,1,0
0,0,0,0,702,20,3,3
0,0,0,0,620,13,1,0
0,0,0,0,643,15,0,1
0,0,0,0,165,55,0,0
0,0,0,0,587,6,1,1
0,0,0,0,785,22,0,0
0,0,0,0,788,30,3,2
0,0,0,0,125,16,0,0
0,0,0,0,775,11,2,2
0,0,0,0,587,43,1,1
0,0,0,0,321,31,1,0
0,0,0,0,303,13,3,3
0,0,0,0,528,73,3,3
0,0,0,0,210,94,3,2
0,0,0,0,578,23,3,3
0,0,0,0,421,25,3,3
0,0,0,0,309,13,0,0
0,0,0,0,385,14,2,2
0,0,0,0,466,14,1,0
0,0,0,0,466,22,3,0
0,0,0,0,623,36,0,0
0,0,0,0,520,9,0,0
0,0,0,0,468,20,2,2
0,0,0,0,38,34,2,2
0,0,0,0,395,39,1,1
0,0,0,0,156,1,2,2
0,0,0,0,583,50,3,3
0,0,0,0,630,15,2,3
0,0,0,0,606,3,1,1
0,0,0,0,284,25,0,1
0,0,0,0,771,3,2,2
0,0,0,0,746,73,3,3
0,0,0,0,680,12,3,3
0,0,0,0,361,31,2,2
0,0,0,0,145,29,0,0
0,0,0,0,692,34,0,0
0,0,0,0,66,16,2,3
0,0,0,0,735,3,3,2
0,0,0,0,608,63,1,1
0,0,0,0,588,35,0,1
0,0,0,0,469,12,1,1
0,0,0,0,772,35,1,1
0,0,0,0,360,56,0,0
0,0,0,0,252,39,3,2
0,0,0,0,108,25,0,0
0,0,0,0,292,52,2,2
0,0,0,0,637,28,0,1
0,0,0,0,54,16,0,0
0,0,0,0,476,3,0,0
0,0,0,0,701,66,3,2
0,0,0,0,21,50,2,2
0,0,0,0,393,35,1,0
0,0,0,0,301,5,2,3
0,0,0,0,169,16,1,1
0,0,0,0,592,43,2,2
0,0,0,0,389,6,2,2
0,0,0,0,407,29,1,1
0,0,0,0,488,50,0,0
0,0,0,0,694,40,3,3
0,0,0,0,22,13,3,3
0,0,0,0,801,31,3,2
0,0,0,0,170,20,1,1
0,0,0,0,348,10,2,2
0,0,0,0,379,20,2,2
0,0,0,0,403,13,0,1
0,0,0,0,642,72,1,0
0,0,0,0,495,31,2,2
0,0,0,0,75,43,3,3
0,0,0,0,259,7,2,2
0,0,0,0,403,1,1,1
0,0,0,0,526,9,0,0
0,0,0,0,698,43,1,0
0,0,0,0,472,35,1,1
0,0,0,0,309,35,0,0
0,0,0,0,216,8,0,0
0,0,0,0,68,13,1,0
0,0,0,0,321,40,0,0
0,0,0,0,362,40,1,1
0,0,0,0,701,3,2,2
0,0,0,0,28,40,2,2
0,0,0,0,124,36,3,2
0,0,0,0,54,43,0,0
0,0,0,0,443,39,0,0
0,0,0,0,750,31,1,1
0,0,0,0,233,35,1,1
0,0,0,0,105,58,1,1
0,0,0,0,504,51,0,0
0,0,0,0,118,25,3,2
0,0,0,0,514,76,0,2
0,0,0,0,154,90,0,0
0,0,0,0,462,60,3,3
0,0,0,0,163,77,3,3
0,0,0,0,8,20,0,0
0,0,0,0,772,8,1,1
0,0,0,0,454,47,3,2
0,0,0,0,773,13,3,3
0,0,0,0,790,20,0,0
0,0,0,0,694,10,3,3
0,0,0,0,59,8,1,1
0,0,0,0,655,55,0,0
0,0,0,0,418,55,2,3
0,0,0,0,478,42,3,3
0,0,0,0,381,69,3,3
0,0,0,0,561,8,0,1
0,0,0,0,409,15,0,1
0,0,0,0,709,22,0,1
0,0,0,0,122,5,2,2
0,0,0,0,680,19,3,3
0,0,0,0,539,3,1,1
0,0,0,0,677,3,1,1
0,0,0,0,267,42,3,2
0,0,0,0,248,35,3,2
0,0,0,0,654,8,0,1
0,0,0,0,218,2,2,2
0,0,0,0,331,68,3,3
0,0,0,0,97,17,1,1
0,0,0,0,519,58,2,2
0,0,0,0,368,13,1,0
0,0,0,0,229,23,0,0
0,0,0,0,418,3,3,3
0,0,0,0,632,1,3,3
0,0,0,0,189,41,0,0
0,0,0,0,365,22,1,1
0,0,0,0,341,24,3,3
0,0,0,0,278,8,2,2
0,0,0,0,608,6,1,1
0,0,0,0,400,6,2,2
0,0,0,0,385,17,2,2
0,0,0,0,655,16,0,0
0,0,0,0,252,7,3,2
0,0,0,0,803,16,2,2
0,0,0,0,570,107,2,2
0,0,0,0,366,43,3,3
0,0,0,0,311,58,2,3
0,0,0,0,750,62,0,1
0,0,0,0,497,23,3,3
0,0,0,0,804,22,3,2
0,0,0,0,641,34,2,2
0,0,0,0,511,29,1,0
0,0,0,0,354,5,0,1
0,0,0,0,744,35,2,2
0,0,0,0,547,29,2,3
0,0,0,0,300,16,0,1
0,0,0,0,466,86,0,0
0,0,0,0,755,23,3,3
0,0,0,0,387,10,1,1
0,0,0,0,16,11,1,0
0,0,0,0,778,14,1,1
0,0,0,0,431,35,3,3
0,0,0,0,644,56,1,1
0,0,0,0,26,4,3,3
0,0,0,0,365,40,1,1
0,0,0,0,217,8,1,1
0,0,0,0,755,12,3,3
0,0,0,0,686,55,1,0
0,0,0,0,750,12,1,1
0,0,0,0,264,67,1,1
0,0,0,0,144,13,1,1
0,0,0,0,666,22,0,0
0,0,0,0,572,13,0,1
0,0,0,0,490,22,3,2
0,0,0,0,33,21,0,0
0,0,0,0,79,60,2,2
0,0,0,0,117,9,2,2
0,0,0,0,745,30,3,3
0,0,0,0,479,22,3,3
0,0,0,0,480,23,0,0
0,0,0,0,490,58,2,2
0,0,0,0,439,54,1,1
0,0,0,0,46,43,0,0
0,0,0,0,447,35,1,0
0,0,0,0,290,12,1,1
0,0,0,0,231,16,0,1
0,0,0,0,763,35,0,1
0,0,0,0,794,29,2,3
0,0,0,0,805,20,2,2
0,0,0,0,510,31,3,3
0,0,0,0,249,13,0,1
0,0,0,0,347,3,1,1
0,0,0,0,21,2,2,2
0,0,0,0,309,19,0,0
0,0,0,0,25,66,3,2
0,0,0,0,275,1,1,1
0,0,0,0,427,34,3,3
0,0,0,0,1,2,2,3
0,0,0,0,494,40,3,3
0,0,0,0,265,43,3,3
0,0,0,0,171,16,2,2
0,0,0,0,431,43,3,3
0,0,0,0,94,13,3,3
0,0,0,0,664,37,2,2
0,0,0,0,36,70,3,3
0,0,0,0,74,44,1,1
0,0,0,0,355,9,3,3
0,0,0,0,188,3,1,0
0,0,0,0,627,3,2,2
0,0,0,0,372,26,2,3
0,0,0,0,91,30,1,1
0,0,0,0,494,102,3,3
0,0,0,0,791,43,3,3
0,0,0,0,537,30,2,3
0,0,0,0,318,35,0,1
0,0,0,0,568,89,3,2
0,0,0,0,731,21,3,3
0,0,0,0,441,29,2,3
0,0,0,0,563,61,0,0
0,0,0,0,186,37,2,2
0,0,0,0,341,31,2,3
0,0,0,0,339,34,3,2
0,0,0,0,105,56,1,1
0,0,0,0,183,33,3,3
0,0,0,0,311,15,2,3
0,0,0,0,453,20,3,3
0,0,0,0,469,29,1,1
0,0,0,0,509,51,3,3
0,0,0,0,398,10,0,1
0,0,0,0,411,66,1,1
0,0,0,0,192,20,3,3
0,0,0,0,447,43,0,0
0,0,0,0,561,20,1,1
0,0,0,0,547,31,2,3
0,0,0,0,322,41,2,3
0,0,0,0,549,37,2,2
0,0,0,0,438,10,3,3
0,0,0,0,532,27,3,3
0,0,0,0,375,23,3,2
0,0,0,0,670,22,2,2
0,0,0,0,659,43,3,3
0,0,0,0,427,42,3,3
0,0,0,0,528,13,3,3
0,0,0,0,121,72,0,0
0,0,0,0,200,52,3,3
0,0,0,0,57,8,2,3
0,0,0,0,548,25,3,2
0,0,0,0,613,61,0,0
0,0,0,0,557,31,3,3
0,0,0,0,592,50,2,2
0,0,0,0,286,21,3,2
0,0,0,0,587,35,0,1
0,0,0,0,502,35,2,2
0,0,0,0,647,21,0,0
0,0,0,0,763,63,1,1
0,0,0,0,11,39,0,0
0,0,0,0,9,27,0,0
0,0,0,0,598,31,2,2
0,0,0,0,162,58,1,1
0,0,0,0,719,20,0,0
0,0,0,0,204,35,1,1
0,0,0,0,383,1,1,1
0,0,0,0,129,35,2,2
0,0,0,0,774,42,1,0
0,0,0,0,349,14,1,1
0,0,0,0,211,13,0,0
0,0,0,0,615,47,0,0
0,0,0,0,255,9,3,2
0,0,0,0,790,22,0,0
0,0,0,0,287,3,1,0
0,0,0,0,342,3,2,3
0,0,0,0,355,19,3,3
0,0,0,0,321,34,0,0
0,0,0,0,287,11,0,0
0,0,0,0,437,32,3,3
0,0,0,0,466,12,0,0
0,0,0,0,657,40,3,3
0,0,0,0,81,85,0,1
0,0,0,0,304,90,1,1
0,0,0,0,208,8,1,1
0,0,0,0,170,54,1,1
0,0,0,0,800,20,3,3
0,0,0,0,692,51,0,0
0,0,0,0,716,50,1,1
0,0,0,0,332,21,2,2
0,0,0,0,109,40,1,1
0,0,0,0,378,6,2,2
0,0,0,0,116,40,3,3
0,0,0,0,566,54,2,3
0,0,0,0,257,90,0,0
0,0,0,0,513,40,0,0
0,0,0,0,537,12,3,3
0,0,0,0,231,35,1,1
0,0,0,0,206,19,3,3
0,0,0,0,46,7,0,0
0,0,0,0,580,15,3,3
0,0,0,0,733,13,1,0
0,0,0,0,65,3,3,3
0,0,0,0,706,31,0,0
0,0,0,0,298,67,0,0
0,0,0,0,664,25,2,2
0,0,0,0,193,19,3,3
0,0,0,0,63,43,0,1
0,0,0,0,683,11,3,2
0,0,0,0,757,5,0,1
0,0,0,0,700,9,2,2
0,0,0,0,311,87,2,3
0,0,0,0,354,52,0,1
0,0,0,0,586,25,0,0
0,0,0,0,375,40,3,2
0,0,0,0,187,56,2,3
0,0,0,0,167,49,0,0
0,0,0,0,395,53,1,1
0,0,0,0,546,3,2,2
0,0,0,0,200,16,3,3
0,0,0,0,37,42,3,3
0,0,0,0,436,16,3,3
0,0,0,0,437,9,3,3
0,0,0,0,36,12,3,3
0,0,0,0,202,31,2,2
0,0,0,0,284,42,0,1
0,0,0,0,665,20,1,1
0,0,0,0,391,35,3,3
0,0,0,0,797,16,3,3
0,0,0,0,685,22,0,1
0,0,0,0,40,10,2,2
0,0,0,0,475,34,0,0
0,0,0,0,629,5,3,2
0,0,0,0,228,28,3,2
0,0,0,0,766,28,0,0
0,0,0,0,77,13,3,3
0,0,0,0,574,20,0,0
0,0,0,0,597,63,2,2
0,0,0,0,674,20,2,3
0,0,0,0,136,9,1,1
0,0,0,0,122,75,0,2
0,0,0,0,113,52,3,3
0,0,0,0,511,28,0,0
0,0,0,0,80,58,1,1
0,0,0,0,225,16,0,0
0,0,0,0,237,20,0,1
0,0,0,0,520,34,0,0
0,0,0,0,214,27,1,1
0,0,0,0,553,99,2,2
0,0,0,0,179,1,2,2
0,0,0,0,330,69,0,0
0,0,0,0,145,17,0,0
0,0,0,0,9,52,0,0
0,0,0,0,110,45,3,2
0,0,0,0,719,29,1,0
0,0,0,0,584,20,3,3
0,0,0,0,58,37,2,3
0,0,0,0,32,9,1,1
0,0,0,0,261,4,1,1
0,0,0,0,473,40,1,1
0,0,0,0,338,3,1,0
0,0,0,0,784,5,3,3
0,0,0,0,705,58,2,2
0,0,0,0,245,4,3,3
0,0,0,0,710,20,3,3
0,0,0,0,720,54,1,1
0,0,0,0,295,14,1,0
0,0,0,0,559,41,1,1
0,0,0,0,540,40,3,3
0,0,0,0,23,13,0,0
0,0,0,0,518,19,3,2
0,0,0,0,388,14,0,1
0,0,0,0,428,1,0,0
0,0,0,0,582,51,1,1
0,0,0,0,364,3,2,3
0,0,0,0,219,13,0,1
0,0,0,0,772,34,1,1
0,0,0,0,687,45,2,3
0,0,0,0,256,20,1,1
0,0,0,0,456,8,2,2
0,0,0,0,216,1,0,0
0,0,0,0,268,10,2,2
0,0,0,0,726,5,3,3
0,0,0,0,287,9,0,0
0,0,0,0,193,13,3,3
0,0,0,0,506,43,1,1
0,0,0,0,131,28,2,0
0,0,0,0,637,31,1,1
0,0,0,0,36,28,3,3
0,0,0,0,357,24,0,0
0,0,0,0,726,39,3,3
0,0,0,0,598,50,2,2
0,0,0,0,263,13,1,0
0,0,0,0,85,61,1,1
0,0,0,0,605,15,2,2
0,0,0,0,496,2,1,1
0,0,0,0,221,10,3,3
0,0,0,0,290,3,0,1
0,0,0,0,275,49,2,1
0,0,0,0,171,55,3,2
0,0,0,0,728,54,0,0
0,0,0,0,779,13,0,1
0,0,0,0,76,37,2,3
0,0,0,0,482,1,3,3
0,0,0,0,419,34,3,3
0,0,0,0,477,66,1,0
0,0,0,0,787,9,1,1
0,0,0,0,402,18,2,1
0,0,0,0,732,31,3,3
0,0,0,0,410,41,0,0
0,0,0,0,238,37,2,2
0,0,0,0,425,12,2,2
0,0,0,0,492,31,2,2
0,0,0,0,785,12,0,0
0,0,0,0,191,3,1,1
0,0,0,0,376,22,1,0
0,0,0,0,627,35,2,2
0,0,0,0,247,8,2,2
0,0,0,0,496,35,0,1
0,0,0,0,575,10,3,3
0,0,0,0,222,13,2,2
0,0,0,0,448,58,2,2
0,0,0,0,557,65,2,3
0,0,0,0,705,60,2,2
0,0,0,0,332,58,2,2
0,0,0,0,791,22,3,3
0,0,0,0,287,29,1,0
0,0,0,0,258,35,3,3
0,0,0,0,548,27,3,2
0,0,0,0,67,36,2,2
0,0,0,0,352,41,1,1
0,0,0,0,31,31,3,2
0,0,0,0,508,35,3,2
0,0,0,0,318,3,1,1
0,0,0,0,715,58,2,3
0,0,0,0,731,9,2,3
0,0,0,0,134,47,3,3
0,0,0,0,415,41,2,2
0,0,0,0,425,56,2,2
0,0,0,0,178,28,3,3
0,0,0,0,111,15,3,3
0,0,0,0,424,14,0,1
0,0,0,0,659,20,3,3
0,0,0,0,752,35,0,0
0,0,0,0,189,14,0,0
0,0,0,0,45,20,1,0
0,0,0,0,292,73,2,2
0,0,0,0,562,22,0,1
0,0,0,0,26,31,3,3
0,0,0,0,744,13,2,2
0,0,0,0,526,73,0,0
0,0,0,0,82,9,2,2
0,0,0,0,800,21,3,3
0,0,0,0,195,43,3,3
0,0,0,0,674,43,3,3
0,0,0,0,291,17,3,3
0,0,0,0,301,1,3,3
0,0,0,0,406,34,1,1
0,0,0,0,93,10,3,2
0,0,0,0,607,8,1,0
0,0,0,0,768,34,2,2
0,0,0,0,291,34,3,3
0,0,0,0,662,16,2,2
0,0,0,0,202,23,2,2
0,0,0,0,157,90,1,1
0,0,0,0,704,73,3,3
0,0,0,0,672,51,1,1
0,0,0,0,748,9,0,0
0,0,0,0,217,27,1,1
0,0,0,0,12,34,1,1
0,0,0,0,475,40,0,0
0,0,0,0,499,11,3,3
0,0,0,0,699,18,0,0
0,0,0,0,208,47,1,1
0,0,0,0,166,25,2,2
0,0,0,0,721,41,2,2
0,0,0,0,629,16,2,2
0,0,0,0,530,53,3,3
0,0,0,0,269,22,0,0
0,0,0,0,172,8,2,2
0,0,0,0,501,20,0,0
0,0,0,0,611,37,2,3
0,0,0,0,641,10,3,2
0,0,0,0,80,18,0,1
0,0,0,0,254,47,3,3
0,0,0,0,420,50,1,1
0,0,0,0,757,16,0,1
0,0,0,0,378,23,2,2
0,0,0,0,418,34,3,3
0,0,0,0,441,47,3,3
0,0,0,0,372,8,2,3
0,0,0,0,275,31,2,1
0,0,0,0,177,73,0,0
0,0,0,0,663,35,0,1
0,0,0,0,91,22,1,1
0,0,0,0,443,13,0,0
0,0,0,0,579,9,2,2
0,0,0,0,474,50,1,0
0,0,0,0,769,16,3,3
0,0,0,0,533,53,2,3
0,0,0,0,90,13,0,1
0,0,0,0,266,61,0,1
0,0,0,0,273,54,3,3
0,0,0,0,551,9,1,0
0,0,0,0,765,34,2,2
0,0,0,0,362,58,1,1
0,0,0,0,562,43,1,1
0,0,0,0,507,8,2,2
0,0,0,0,564,58,2,2
0,0,0,0,8,3,1,0
0,0,0,0,134,21,3,3
0,0,0,0,417,35,0,0
0,0,0,0,796,12,3,3
0,0,0,0,580,3,3,3
0,0,0,0,126,9,3,2
0,0,0,0,151,3,2,3
0,0,0,0,422,20,3,3
0,0,0,0,568,63,3,2
0,0,0,0,544,16,0,0
0,0,0,0,170,16,1,1
0,0,0,0,345,13,1,1
0,0,0,0,732,13,3,3
0,0,0,0,416,34,3,3
0,0,0,0,146,21,1,1
0,0,0,0,499,13,3,3
0,0,0,0,489,1,3,2
0,0,0,0,343,31,1,1
0,0,0,0,538,58,2,3
0,0,0,0,512,45,1,0
0,0,0,0,737,54,1,1
0,0,0,0,189,3,0,0
0,0,0,0,409,16,0,1
0,0,0,0,730,34,2,2
0,0,0,0,10,51,0,0
0,0,0,0,390,39,3,3
0,0,0,0,3,12,1,1
0,0,0,0,172,14,2,2
0,0,0,0,214,47,1,1
0,0,0,0,490,20,2,2
0,0,0,0,778,30,1,1
0,0,0,0,757,42,1,1
0,0,0,0,648,51,3,2
0,0,0,0,643,35,1,1
0,0,0,0,462,6,3,3
0,0,0,0,410,90,0,0
0,0,0,0,442,91,3,3
0,0,0,0,116,12,3,3
0,0,0,0,240,2,2,2
0,0,0,0,716,10,1,1
0,0,0,0,156,3,2,2
0,0,0,0,24,13,1,1
0,0,0,0,581,41,3,2
0,0,0,0,59,10,1,1
0,0,0,0,79,56,2,2
0,0,0,0,243,14,1,1
0,0,0,0,97,90,1,1
0,0,0,0,370,23,3,3
0,0,0,0,99,35,0,0
0,0,0,0,791,59,2,3
0,0,0,0,282,6,1,1
0,0,0,0,39,9,2,3
0,0,0,0,382,40,3,3
0,0,0,0,309,16,0,0
0,0,0,0,47,31,1,1
0,0,0,0,682,30,1,1
0,0,0,0,43,49,3,3
0,0,0,0,298,25,1,0
0,0,0,0,496,9,1,1
0,0,0,0,722,22,0,1
0,0,0,0,259,37,2,2
0,0,0,0,546,13,3,2
0,0,0,0,478,34,3,3
0,0,0,0,603,58,2,3
0,0,0,0,444,4,1,1
0,0,0,0,201,3,2,2
0,0,0,0,334,12,3,3
0,0,0,0,330,8,0,0
0,0,0,0,723,13,1,0
0,0,0,0,197,56,3,3
0,0,0,0,182,13,3,3
0,0,0,0,5,28,3,3
0,0,0,0,124,23,3,2
0,0,0,0,18,3,1,1
0,0,0,0,163,22,2,3
0,0,0,0,386,29,1,2
0,0,0,0,176,29,1,1
0,0,0,0,46,2,1,0
0,0,0,0,575,16,3,3
0,0,0,0,461,17,3,3
0,0,0,0,570,43,3,2
0,0,0,0,212,58,0,1
0,0,0,0,214,20,1,1
0,0,0,0,667,29,1,0
0,0,0,0,417,31,1,0
0,0,0,0,630,31,3,3
0,0,0,0,486,60,2,2
0,0,0,0,568,54,3,2
0,0,0,0,603,31,3,3
0,0,0,0,609,22,0,0
0,0,0,0,551,10,0,0
0,0,0,0,248,40,3,2
0,0,0,0,781,45,1,1
0,0,0,0,107,3,2,3
0,0,0,0,320,3,3,3
0,0,0,0,542,16,3,2
0,0,0,0,65,39,3,3
0,0,0,0,374,62,1,1
0,0,0,0,769,28,3,3
0,0,0,0,631,35,0,2
0,0,0,0,637,43,1,1
0,0,0,0,765,58,2,2
0,0,0,0,589,32,1,1
0,0,0,0,794,13,3,3
0,0,0,0,287,1,0,0
0,0,0,0,384,13,3,3
0,0,0,0,38,22,2,2
0,0,0,0,521,50,1,0
0,0,0,0,538,31,2,3
0,0,0,0,338,22,3,0
0,0,0,0,700,35,3,2
0,0,0,0,34,35,1,0
0,0,0,0,553,54,2,2
0,0,0,0,37,29,2,3
0,0,0,0,805,25,2,2
0,0,0,0,573,15,3,3
0,0,0,0,479,32,3,3
0,0,0,0,420,70,0,1
0,0,0,0,757,12,1,1
0,0,0,0,14,9,1,1
0,0,0,0,363,2,3,3
0,0,0,0,335,20,0,0
0,0,0,0,752,34,0,0
0,0,0,0,726,6,3,3
0,0,0,0,587,79,1,1
0,0,0,0,259,9,2,2
0,0,0,0,28,20,2,2
0,0,0,0,740,22,1,1
0,0,0,0,267,13,3,2
0,0,0,0,300,49,1,1
0,0,0,0,10,9,0,0
0,0,0,0,227,61,2,3
0,0,0,0,657,13,3,3
0,0,0,0,79,16,2,2
0,0,0,0,720,31,0,1
0,0,0,0,29,34,3,3
0,0,0,0,327,53,0,0
0,0,0,0,480,13,1,0
0,0,0,0,164,20,3,3
0,0,0,0,64,29,2,2
0,0,0,0,582,39,1,1
0,0,0,0,771,88,2,2
0,0,0,0,206,53,3,3
0,0,0,0,573,59,3,3
0,0,0,0,3,22,0,1
0,0,0,0,699,73,0,0
0,0,0,0,93,39,2,2
0,0,0,0,219,44,0,1
0,0,0,0,767,50,1,1
0,0,0,0,478,43,3,3
0,0,0,0,196,53,3,3
0,0,0,0,8,23,0,0
0,0,0,0,609,9,0,0
0,0,0,0,489,41,2,2
0,0,0,0,191,11,0,1
0,0,0,0,574,27,0,0
0,0,0,0,633,13,3,3
0,0,0,0,557,5,2,3
0,0,0,0,788,40,2,2
0,0,0,0,277,34,3,2
0,0,0,0,38,11,3,2
0,0,0,0,621,59,0,0
0,0,0,0,536,14,0,1
0,0,0,0,495,15,2,2
0,0,0,0,413,21,2,3
0,0,0,0,111,13,3,3
0,0,0,0,107,36,2,3
0,0,0,0,690,16,3,3
0,0,0,0,271,9,3,3
0,0,0,0,556,1,2,2
0,0,0,0,481,40,1,1
0,0,0,0,765,21,2,2
0,0,0,0,633,45,3,3
0,0,0,0,745,8,3,3
0,0,0,0,546,2,3,2
0,0,0,0,417,43,1,0
0,0,0,0,591,16,1,1
0,0,0,0,143,13,0,0
0,0,0,0,782,29,2,2
0,0,0,0,1,9,3,3
0,0,0,0,282,65,1,1
0,0,0,0,184,40,3,3
0,0,0,0,491,11,2,3
0,0,0,0,233,61,1,1
0,0,0,0,549,22,2,2
0,0,0,0,509,21,3,3
0,0,0,0,17,13,3,3
0,0,0,0,630,35,3,3
0,0,0,0,586,58,1,0
0,0,0,0,649,47,3,3
0,0,0,0,297,37,2,2
0,0,0,0,1,1,3,3
0,0,0,0,399,72,0,0
0,0,0,0,385,16,3,2
0,0,0,0,742,41,0,2
0,0,0,0,654,31,0,1
0,0,0,0,427,2,3,3
0,0,0,0,336,69,2,2
0,0,0,0,107,22,2,3
0,0,0,0,676,35,3,2
0,0,0,0,475,39,0,0
0,0,0,0,188,41,0,0
0,0,0,0,248,7,3,2
0,0,0,0,761,42,3,2
0,0,0,0,609,35,0,0
0,0,0,0,528,9,2,3
0,0,0,0,202,39,2,2
0,0,0,0,45,67,0,0
0,0,0,0,514,9,2,2
0,0,0,0,612,56,1,0
0,0,0,0,386,12,3,2
0,0,0,0,386,9,3,2
0,0,0,0,574,43,0,0
0,0,0,0,692,9,0,0
0,0,0,0,179,42,2,2
0,0,0,0,226,50,2,2
0,0,0,0,633,57,3,3
0,0,0,0,440,65,0,0
0,0,0,0,145,22,0,0
0,0,0,0,98,35,2,2
0,0,0,0,376,6,0,0
0,0,0,0,675,11,3,3
0,0,0,0,41,16,2,2
0,0,0,0,349,9,1,1
0,0,0,0,647,3,1,0
0,0,0,0,272,42,3,3
0,0,0,0,279,13,1,1
0,0,0,0,299,36,0,0
0,0,0,0,439,13,1,1
0,0,0,0,205,34,0,0
0,0,0,0,771,47,2,2
0,0,0,0,496,49,0,1
0,0,0,0,103,25,1,1
0,0,0,0,720,20,1,1
0,0,0,0,24,65,0,1
0,0,0,0,288,34,1,0
0,0,0,0,673,29,1,0
0,0,0,0,177,31,0,0
0,0,0,0,499,39,3,3
0,0,0,0,718,58,2,2
0,0,0,0,650,9,3,2
0,0,0,0,391,12,3,3
0,0,0,0,719,60,0,0
0,0,0,0,473,55,1,1
0,0,0,0,616,8,0,0
0,0,0,0,438,58,2,3
0,0,0,0,35,36,3,3
0,0,0,0,713,35,3,3
0,0,0,0,685,10,1,1
0,0,0,0,757,21,1,1
0,0,0,0,432,16,2,2
0,0,0,0,570,42,3,2
0,0,0,0,4,31,0,0
0,0,0,0,214,34,1,1
0,0,0,0,776,20,0,1
0,0,0,0,786,22,0,0
0,0,0,0,484,88,0,3
0,0,0,0,32,11,1,1
0,0,0,0,223,1,2,2
0,0,0,0,97,37,0,1
0,0,0,0,115,13,2,2
0,0,0,0,222,9,2,2
0,0,0,0,236,35,1,0
0,0,0,0,243,13,1,1
0,0,0,0,737,109,0,1
0,0,0,0,397,15,2,2
0,0,0,0,762,31,3,3
0,0,0,0,685,60,1,1
0,0,0,0,6,16,2,2
0,0,0,0,467,53,3,2
0,0,0,0,328,74,2,3
0,0,0,0,299,6,0,0
0,0,0,0,226,62,3,2
0,0,0,0,158,31,3,2
0,0,0,0,801,63,3,2
0,0,0,0,303,8,2,3
0,0,0,0,684,53,0,0
0,0,0,0,707,43,3,2
0,0,0,0,438,13,3,3
0,0,0,0,424,9,1,1
0,0,0,0,348,13,2,2
0,0,0,0,743,22,3,3
0,0,0,0,219,31,0,1
0,0,0,0,561,19,1,1
0,0,0,0,507,55,2,2
0,0,0,0,344,72,3,2
0,0,0,0,226,15,2,2
0,0,0,0,31,1,3,2
0,0,0,0,657,43,3,3
0,0,0,0,561,35,0,1
0,0,0,0,462,14,2,3
0,0,0,0,295,35,0,0
0,0,0,0,221,41,2,3
0,0,0,0,253,77,2,2
0,0,0,0,364,16,2,3
0,0,0,0,119,9,0,0
0,0,0,0,747,27,1,1
0,0,0,0,726,42,3,3
0,0,0,0,128,20,3,3
0,0,0,0,87,39,1,1
0,0,0,0,453,55,3,3
0,0,0,0,574,14,0,0
0,0,0,0,436,22,3,3
0,0,0,0,144,34,1,1
0,0,0,0,766,16,0,0
0,0,0,0,576,41,0,0
0,0,0,0,228,7,3,2
0,0,0,0,40,29,2,2
0,0,0,0,391,17,2,3
0,0,0,0,42,58,1,0
0,0,0,0,622,9,3,2
0,0,0,0,281,26,0,0
0,0,0,0,486,31,2,2
0,0,0,0,388,51,1,1
0,0,0,0,137,2,3,3
0,0,0,0,27,23,3,3
0,0,0,0,101,75,0,2
0,0,0,0,44,43,1,2
0,0,0,0,266,35,1,1
0,0,0,0,721,25,2,2
0,0,0,0,661,45,0,1
0,0,0,0,98,55,2,2
0,0,0,0,651,43,3,3
0,0,0,0,806,29,2,3
0,0,0,0,387,23,1,1
0,0,0,0,135,53,3,2
0,0,0,0,492,21,2,2
0,0,0,0,793,31,2,2
0,0,0,0,409,56,0,1
0,0,0,0,104,20,2,2
0,0,0,0,681,3,1,0
0,0,0,0,750,50,1,1
0,0,0,0,38,61,2,2
0,0,0,0,459,23,2,2
0,0,0,0,404,76,3,3
0,0,0,0,338,53,0,0
0,0,0,0,621,35,1,0
0,0,0,0,683,69,2,2
0,0,0,0,29,60,3,3
0,0,0,0,735,40,3,2
0,0,0,0,349,51,1,1
0,0,0,0,471,58,0,1
0,0,0,0,433,43,0,0
0,0,0,0,357,62,1,0
0,0,0,0,543,7,0,0
0,0,0,0,48,13,2,2
0,0,0,0,714,28,0,1
0,0,0,0,59,51,1,1
0,0,0,0,658,20,2,3
0,0,0,0,469,9,1,1
0,0,0,0,336,14,2,2
0,0,0,0,83,2,1,0
0,0,0,0,383,48,0,1
0,0,0,0,770,9,3,3
0,0,0,0,395,51,1,1
0,0,0,0,634,63,0,0
0,0,0,0,613,63,0,0
0,0,0,0,784,29,2,3
0,0,0,0,171,15,2,2
0,0,0,0,425,34,2,2
0,0,0,0,153,11,2,2
0,0,0,0,232,40,3,3
0,0,0,0,444,51,1,1
0,0,0,0,23,64,0,0
0,0,0,0,515,94,0,1
0,0,0,0,560,58,2,1
0,0,0,0,25,58,2,2
0,0,0,0,456,1,2,2
0,0,0,0,101,17,2,2
0,0,0,0,357,53,0,0
0,0,0,0,483,13,3,3
0,0,0,0,25,3,3,2
0,0,0,0,389,34,2,2
0,0,0,0,621,50,0,0
0,0,0,0,616,37,0,0
0,0,0,0,346,41,3,2
0,0,0,0,772,22,0,1
0,0,0,0,148,40,3,2
0,0,0,0,187,16,3,3
0,0,0,0,571,50,2,2
0,0,0,0,610,14,1,1
0,0,0,0,460,52,0,1
0,0,0,0,786,34,0,0
0,0,0,0,434,35,0,1
0,0,0,0,613,43,1,0
0,0,0,0,516,66,3,3
0,0,0,0,465,43,3,2
0,0,0,0,576,9,0,0
0,0,0,0,41,34,2,2
0,0,0,0,342,42,3,3
0,0,0,0,769,73,0,3
0,0,0,0,314,31,0,0
0,0,0,0,335,9,0,0
0,0,0,0,365,35,1,1
0,0,0,0,460,53,1,1
0,0,0,0,332,47,2,2
0,0,0,0,29,47,3,3
0,0,0,0,510,95,3,3
0,0,0,0,786,63,0,0
0,0,0,0,766,10,0,0
0,0,0,0,297,3,2,2
0,0,0,0,443,24,0,0
0,0,0,0,324,13,3,3
0,0,0,0,220,23,0,0
0,0,0,0,271,11,3,3
0,0,0,0,280,13,3,3
0,0,0,0,361,43,2,2
0,0,0,0,523,51,0,0
0,0,0,0,639,23,3,3
0,0,0,0,468,10,3,2
0,0,0,0,401,52,3,3
0,0,0,0,661,73,0,1
0,0,0,0,161,9,2,2
0,0,0,0,247,5,3,2
0,0,0,0,799,9,2,2
0,0,0,0,277,53,3,2
0,0,0,0,460,9,1,1
0,0,0,0,799,35,2,2
0,0,0,0,625,43,2,2
0,0,0,0,794,21,3,3
0,0,0,0,721,9,2,2
0,0,0,0,605,3,2,2
0,0,0,0,18,26,1,1
0,0,0,0,743,58,2,3
0,0,0,0,329,23,3,3
0,0,0,0,206,13,3,3
0,0,0,0,84,17,0,0
0,0,0,0,483,23,3,3
0,0,0,0,319,35,2,2
0,0,0,0,742,58,2,2
0,0,0,0,628,16,0,0
0,0,0,0,511,14,1,0
0,0,0,0,520,26,0,0
0,0,0,0,769,22,3,3
0,0,0,0,114,12,2,2
0,0,0,0,22,56,2,3
0,0,0,0,617,31,3,2
0,0,0,0,717,16,2,3
0,0,0,0,52,20,2,2
0,0,0,0,81,31,0,1
0,0,0,0,733,30,0,0
0,0,0,0,299,58,1,0
0,0,0,0,359,48,2,2
0,0,0,0,701,51,3,2
0,0,0,0,81,41,1,1
0,0,0,0,320,60,3,3
0,0,0,0,531,45,3,3
0,0,0,0,208,53,1,1
0,0,0,0,262,16,2,2
0,0,0,0,422,4,3,3
0,0,0,0,729,25,1,1
0,0,0,0,126,39,3,2
0,0,0,0,377,55,3,2
0,0,0,0,725,12,2,2
0,0,0,0,735,16,3,2
0,0,0,0,119,31,0,0
0,0,0,0,466,23,0,0
0,0,0,0,773,54,3,3
0,0,0,0,792,47,3,3
0,0,0,0,180,48,2,3
0,0,0,0,506,26,0,1
0,0,0,0,243,15,1,1
0,0,0,0,349,20,1,1
0,0,0,0,606,90,1,1
0,0,0,0,382,13,3,3
0,0,0,0,236,21,0,0
0,0,0,0,590,15,0,0
0,0,0,0,290,45,1,1
0,0,0,0,663,3,1,1
0,0,0,0,784,54,3,3
0,0,0,0,185,20,2,3
0,0,0,0,703,31,1,0
0,0,0,0,226,40,2,2
0,0,0,0,363,56,3,3
0,0,0,0,743,51,3,3
0,0,0,0,15,28,3,3
0,0,0,0,77,47,3,3
0,0,0,0,66,39,3,3
0,0,0,0,367,20,0,1
0,0,0,0,671,54,2,2
0,0,0,0,28,29,1,2
0,0,0,0,160,41,1,1
0,0,0,0,74,86,1,1
0,0,0,0,363,39,2,3
0,0,0,0,244,8,1,1
0,0,0,0,479,65,2,3
0,0,0,0,742,13,3,2
0,0,0,0,399,58,0,0
0,0,0,0,644,21,1,1
0,0,0,0,520,73,0,0
0,0,0,0,153,40,2,2
0,0,0,0,648,13,3,2
0,0,0,0,603,22,3,3
0,0,0,0,2,1,2,2
0,0,0,0,640,20,1,0
0,0,0,0,624,57,1,1
0,0,0,0,321,35,0,0
0,0,0,0,406,13,1,1
0,0,0,0,542,28,2,2
0,0,0,0,676,31,3,2
0,0,0,0,166,28,2,2
0,0,0,0,133,31,1,1
0,0,0,0,76,32,3,3
0,0,0,0,215,7,0,0
0,0,0,0,800,23,3,3
0,0,0,0,263,20,1,0
0,0,0,0,276,23,3,2
0,0,0,0,602,17,2,2
0,0,0,0,613,41,0,0
0,0,0,0,30,22,0,1
0,0,0,0,713,34,3,3
0,0,0,0,568,56,2,2
0,0,0,0,360,25,0,0
0,0,0,0,247,20,2,2
0,0,0,0,747,3,1,1
0,0,0,0,616,15,0,0
0,0,0,0,269,1,0,0
0,0,0,0,46,47,0,0
0,0,0,0,302,9,0,0
0,0,0,0,708,3,3,3
0,0,0,0,233,37,0,1
0,0,0,0,262,13,2,2
0,0,0,0,67,9,2,2
0,0,0,0,374,41,1,1
0,0,0,0,347,1,1,1
0,0,0,0,612,45,0,0
0,0,0,0,289,15,2,2
0,0,0,0,348,47,2,2
0,0,0,0,539,31,1,1
0,0,0,0,307,41,0,0
0,0,0,0,709,3,0,1
0,0,0,0,777,21,3,3
0,0,0,0,50,67,0,1
0,0,0,0,354,55,1,1
0,0,0,0,69,85,1,2
0,0,0,0,442,43,2,3
0,0,0,0,761,43,2,2
0,0,0,0,60,9,3,2
0,0,0,0,206,9,3,3
0,0,0,0,328,3,2,3
0,0,0,0,7,43,1,0
0,0,0,0,183,1,3,3
0,0,0,0,5,25,3,3
0,0,0,0,142,20,2,2
0,0,0,0,613,40,0,0
0,0,0,0,277,45,2,2
0,0,0,0,57,1,0,3
0,0,0,0,544,5,1,0
0,0,0,0,597,13,2,2
0,0,0,0,542,35,3,2
0,0,0,0,364,88,2,3
0,0,0,0,659,12,3,3
0,0,0,0,16,61,0,0
0,0,0,0,110,9,2,2
0,0,0,0,312,16,3,3
0,0,0,0,590,76,0,0
0,0,0,0,246,34,3,3
0,0,0,0,79,44,2,2
0,0,0,0,600,28,0,1
0,0,0,0,718,16,2,2
0,0,0,0,684,43,0,0
0,0,0,0,604,5,3,3
0,0,0,0,768,59,2,2
0,0,0,0,463,31,0,1
0,0,0,0,402,9,1,1
0,0,0,0,138,40,2,2
0,0,0,0,543,20,0,0
0,0,0,0,678,20,2,3
0,0,0,0,555,36,2,2
0,0,0,0,128,47,3,3
0,0,0,0,806,35,3,3
0,0,0,0,663,34,0,1
0,0,0,0,326,25,2,2
0,0,0,0,724,22,2,2
0,0,0,0,288,28,0,0
0,0,0,0,419,21,3,3
0,0,0,0,13,10,3,3
0,0,0,0,723,30,0,0
0,0,0,0,615,36,0,0
0,0,0,0,211,37,0,0
0,0,0,0,231,4,0,1
0,0,0,0,90,90,0,1
0,0,0,0,395,48,1,1
0,0,0,0,567,58,1,1
0,0,0,0,116,47,3,3
0,0,0,0,592,20,2,2
0,0,0,0,11,3,1,0
0,0,0,0,596,16,0,1
0,0,0,0,105,9,1,1
0,0,0,0,198,94,2,2
0,0,0,0,806,6,3,3
0,0,0,0,456,40,2,2
0,0,0,0,329,31,3,3
0,0,0,0,161,16,2,2
0,0,0,0,190,37,2,3
0,0,0,0,309,8,1,0
0,0,0,0,746,20,3,3
0,0,0,0,331,35,3,3
0,0,0,0,753,43,0,0
0,0,0,0,314,54,0,0
0,0,0,0,25,50,3,2
0,0,0,0,436,3,2,3
0,0,0,0,731,34,3,3
0,0,0,0,258,23,2,3
0,0,0,0,584,41,2,3
0,0,0,0,327,16,0,0
0,0,0,0,92,13,1,0
0,0,0,0,683,34,3,2
0,0,0,0,136,13,0,1
0,0,0,0,6,20,2,2
0,0,0,0,674,102,3,3
0,0,0,0,87,8,1,1
0,0,0,0,286,6,2,2
0,0,0,0,478,47,3,3
0,0,0,0,666,31,0,0
0,0,0,0,385,78,2,2
0,0,0,0,211,1,0,0
0,0,0,0,713,45,3,3
0,0,0,0,213,1,1,1
0,0,0,0,16,47,0,0
0,0,0,0,148,3,2,2
0,0,0,0,430,22,2,2
0,0,0,0,236,27,0,0
0,0,0,0,420,9,1,1
0,0,0,0,11,5,0,0
0,0,0,0,588,28,1,1
0,0,0,0,575,23,3,3
0,0,0,0,349,42,1,1
0,0,0,0,169,45,0,1
0,0,0,0,509,39,3,3
0,0,0,0,503,16,3,3
0,0,0,0,605,35,3,2
0,0,0,0,610,66,1,1
0,0,0,0,487,57,3,3
0,0,0,0,351,22,3,3
0,0,0,0,774,35,0,0
0,0,0,0,710,28,3,3
0,0,0,0,138,3,2,2
0,0,0,0,74,37,1,1
0,0,0,0,256,14,1,1
0,0,0,0,135,35,2,2
0,0,0,0,229,55,0,0
0,0,0,0,635,19,3,3
0,0,0,0,199,19,2,3
0,0,0,0,152,56,0,1
0,0,0,0,464,65,2,2
0,0,0,0,469,14,1,1
0,0,0,0,640,58,0,0
0,0,0,0,349,5,0,1
0,0,0,0,134,25,3,3
0,0,0,0,691,41,2,3
0,0,0,0,558,12,3,3
0,0,0,0,254,36,3,3
0,0,0,0,46,23,0,0
0,0,0,0,126,11,2,2
0,0,0,0,734,5,1,0
0,0,0,0,162,9,0,1
0,0,0,0,124,35,2,2
0,0,0,0,46,9,0,0
0,0,0,0,330,27,0,0
0,0,0,0,195,47,3,3
0,0,0,0,642,42,1,0
0,0,0,0,460,45,1,1
0,0,0,0,603,9,3,3
0,0,0,0,277,16,2,2
0,0,0,0,765,25,3,2
0,0,0,0,498,40,2,2
0,0,0,0,182,10,3,3
0,0,0,0,513,28,1,0
0,0,0,0,570,4,2,2
0,0,0,0,783,20,2,2
0,0,0,0,167,37,0,0
0,0,0,0,748,16,1,0
0,0,0,0,648,40,3,2
0,0,0,0,744,31,2,2
0,0,0,0,401,22,3,3
0,0,0,0,126,1,3,2
0,0,0,0,404,28,3,3
0,0,0,0,511,102,0,0
0,0,0,0,597,53,2,2
0,0,0,0,682,31,1,1
0,0,0,0,386,43,2,2
0,0,0,0,749,21,3,2
0,0,0,0,656,26,2,3
0,0,0,0,57,52,2,3
0,0,0,0,318,10,0,1
0,0,0,0,693,21,0,0
0,0,0,0,439,51,0,1
0,0,0,0,203,9,3,2
0,0,0,0,548,28,3,2
0,0,0,0,610,45,1,1
0,0,0,0,743,31,3,3
0,0,0,0,374,21,1,1
0,0,0,0,68,19,0,0
0,0,0,0,150,41,3,3
0,0,0,0,191,39,1,1
0,0,0,0,608,15,1,1
0,0,0,0,585,35,3,2
0,0,0,0,450,52,3,3
0,0,0,0,215,12,0,0
0,0,0,0,228,37,2,2
0,0,0,0,234,20,1,1
0,0,0,0,738,14,3,3
0,0,0,0,180,19,3,3
0,0,0,0,58,13,3,3
0,0,0,0,217,77,1,1
0,0,0,0,291,61,3,3
0,0,0,0,377,28,3,2
0,0,0,0,356,51,1,0
0,0,0,0,63,40,1,1
0,0,0,0,634,16,1,0
0,0,0,0,53,50,0,1
0,0,0,0,348,20,2,2
0,0,0,0,394,49,3,3
0,0,0,0,439,55,1,1
0,0,0,0,51,25,3,2
0,0,0,0,782,25,2,2
0,0,0,0,152,9,1,1
0,0,0,0,610,3,1,1
0,0,0,0,689,13,3,3
0,0,0,0,123,2,3,2
0,0,0,0,624,4,1,1
0,0,0,0,432,20,2,2
0,0,0,0,447,62,2,0
0,0,0,0,338,48,1,0
0,0,0,0,444,21,1,1
0,0,0,0,655,31,1,0
0,0,0,0,516,28,3,3
0,0,0,0,470,7,0,3
0,0,0,0,226,16,2,2
0,0,0,0,119,16,0,0
0,0,0,0,153,63,3,2
0,0,0,0,395,85,1,1
0,0,0,0,527,28,3,3
0,0,0,0,144,3,1,1
0,0,0,0,796,34,2,3
0,0,0,0,167,13,0,0
0,0,0,0,660,43,2,2
0,0,0,0,484,19,3,3
0,0,0,0,568,20,3,2
0,0,0,0,658,43,3,3
0,0,0,0,524,10,2,3
0,0,0,0,666,55,0,0
0,0,0,0,616,47,0,0
0,0,0,0,329,24,3,3
0,0,0,0,539,55,1,1
0,0,0,0,340,3,0,1
0,0,0,0,485,65,2,2
0,0,0,0,391,20,3,3
0,0,0,0,698,6,1,0
0,0,0,0,57,80,3,3
0,0,0,0,142,37,2,2
0,0,0,0,335,28,0,0
0,0,0,0,358,21,3,3
0,0,0,0,764,61,2,2
0,0,0,0,498,53,3,2
0,0,0,0,27,56,2,3
0,0,0,0,62,13,1,0
0,0,0,0,70,10,2,2
0,0,0,0,271,70,3,3
0,0,0,0,505,39,1,1
0,0,0,0,73,20,0,1
0,0,0,0,58,36,3,3
0,0,0,0,671,43,2,2
0,0,0,0,299,34,0,0
0,0,0,0,326,28,3,2
0,0,0,0,352,44,0,1
0,0,0,0,692,3,0,0
0,0,0,0,233,43,1,1
0,0,0,0,747,58,1,1
0,0,0,0,197,90,3,3
0,0,0,0,677,35,0,1
0,0,0,0,82,40,2,2
0,0,0,0,784,28,3,3
0,0,0,0,196,34,3,3
0,0,0,0,539,47,1,1
0,0,0,0,288,43,0,0
0,0,0,0,789,16,3,3
0,0,0,0,722,20,0,1
0,0,0,0,411,62,1,1
0,0,0,0,26,16,3,3
0,0,0,0,631,34,2,2
0,0,0,0,70,31,2,2
0,0,0,0,163,9,3,3
0,0,0,0,196,21,2,3
0,0,0,0,699,3,1,0
0,0,0,0,756,9,0,0
0,0,0,0,316,40,1,1
0,0,0,0,406,70,0,1
0,0,0,0,534,7,0,0
0,0,0,0,497,4,3,3
0,0,0,0,484,26,0,3
0,0,0,0,96,49,2,2
0,0,0,0,232,31,3,3
0,0,0,0,85,73,1,1
0,0,0,0,763,27,1,1
0,0,0,0,152,43,1,1
0,0,0,0,124,1,2,2
0,0,0,0,633,98,3,3
0,0,0,0,236,12,0,0
0,0,0,0,54,9,0,0
0,0,0,0,481,13,1,1
0,0,0,0,258,20,2,3
0,0,0,0,457,69,2,3
0,0,0,0,264,53,1,1
0,0,0,0,514,43,2,2
0,0,0,0,518,31,2,2
0,0,0,0,2,13,3,2
0,0,0,0,264,19,0,1
0,0,0,0,405,16,2,2
0,0,0,0,757,61,1,1
0,0,0,0,706,12,0,0
0,0,0,0,371,16,0,0
0,0,0,0,279,28,0,1
0,0,0,0,751,20,0,0
0,0,0,0,681,14,0,0
0,0,0,0,7,9,1,0
0,0,0,0,85,3,1,1
0,0,0,0,19,3,0,1
0,0,0,0,190,40,2,3
0,0,0,0,423,13,0,0
0,0,0,0,370,20,3,3
0,0,0,0,32,15,1,1
0,0,0,0,81,15,1,1
0,0,0,0,695,3,2,3
0,0,0,0,639,35,3,3
0,0,0,0,579,53,2,2
0,0,0,0,705,13,3,2
0,0,0,0,464,31,2,2
0,0,0,0,547,13,3,3
0,0,0,0,55,43,3,2
0,0,0,0,95,2,1,1
0,0,0,0,398,91,0,1
0,0,0,0,34,13,1,0
0,0,0,0,403,61,1,1
0,0,0,0,416,61,3,3
0,0,0,0,106,56,2,3
0,0,0,0,564,41,3,2
0,0,0,0,589,34,1,1
0,0,0,0,91,81,1,1
0,0,0,0,281,3,0,0
0,0,0,0,17,40,3,3
0,0,0,0,34,24,1,0
0,0,0,0,470,55,3,3
0,0,0,0,754,27,0,0
0,0,0,0,241,58,0,0
0,0,0,0,88,42,1,1
0,0,0,0,537,76,3,3
0,0,0,0,151,13,3,3
0,0,0,0,149,51,3,3
0,0,0,0,214,16,0,1
0,0,0,0,462,34,3,3
0,0,0,0,66,56,2,3
0,0,0,0,133,76,1,1
0,0,0,0,8,45,0,0
0,0,0,0,798,21,0,0
0,0,0,0,695,43,3,3
0,0,0,0,702,31,3,3
0,0,0,0,150,51,3,3
0,0,0,0,531,76,3,3
0,0,0,0,386,39,2,2
0,0,0,0,144,17,1,1
0,0,0,0,196,17,3,3
0,0,0,0,130,31,0,1
0,0,0,0,714,16,0,1
0,0,0,0,774,29,2,0
0,0,0,0,483,16,3,3
0,0,0,0,128,12,3,3
0,0,0,0,70,22,2,2
0,0,0,0,362,51,0,1
0,0,0,0,537,36,3,3
0,0,0,0,464,16,2,2
0,0,0,0,656,21,2,3
0,0,0,0,432,14,2,2
0,0,0,0,254,45,3,3
0,0,0,0,212,3,1,1
0,0,0,0,393,7,0,0
0,0,0,0,783,42,3,2
0,0,0,0,749,16,3,2
0,0,0,0,139,3,3,3
0,0,0,0,369,16,2,2
0,0,0,0,38,17,2,2
0,0,0,0,611,17,3,3
0,0,0,0,690,13,3,3
0,0,0,0,184,62,3,3
0,0,0,0,317,16,3,3
0,0,0,0,203,6,3,2
0,0,0,0,72,40,3,3
0,0,0,0,345,25,0,1
0,0,0,0,361,9,2,2
0,0,0,0,543,40,0,0
0,0,0,0,278,20,3,2
0,0,0,0,699,6,0,0
0,0,0,0,290,21,1,1
0,0,0,0,261,11,1,1
0,0,0,0,499,29,2,3
0,0,0,0,614,21,2,2
0,0,0,0,680,53,3,3
0,0,0,0,327,47,0,0
0,0,0,0,325,31,2,2
0,0,0,0,734,20,0,0
0,0,0,0,293,36,3,3
0,0,0,0,728,47,0,0
0,0,0,0,626,30,2,3
0,0,0,0,649,35,3,3
0,0,0,0,158,25,2,2
0,0,0,0,431,7,3,3
0,0,0,0,729,58,1,1
0,0,0,0,767,10,1,1
0,0,0,0,627,60,2,2
0,0,0,0,123,37,2,2
0,0,0,0,684,21,0,0
0,0,0,0,432,53,2,2
0,0,0,0,305,24,1,1
0,0,0,0,202,43,3,2
0,0,0,0,437,16,3,3
0,0,0,0,601,22,1,1
0,0,0,0,217,37,1,1
0,0,0,0,535,7,0,3
0,0,0,0,707,22,2,2
0,0,0,0,145,32,0,0
0,0,0,0,261,40,0,1
0,0,0,0,596,51,0,1
0,0,0,0,483,39,3,3
0,0,0,0,329,22,3,3
0,0,0,0,654,29,1,1
0,0,0,0,221,8,3,3
0,0,0,0,693,12,0,0
0,0,0,0,131,59,0,0
0,0,0,0,566,42,2,3
0,0,0,0,360,31,0,0
0,0,0,0,509,16,2,3
0,0,0,0,147,2,3,3
0,0,0,0,474,42,1,0
0,0,0,0,672,9,1,1
0,0,0,0,676,16,2,2
0,0,0,0,588,8,0,1
0,0,0,0,523,49,0,0
0,0,0,0,551,37,0,0
0,0,0,0,42,65,0,0
0,0,0,0,32,34,1,1
0,0,0,0,635,54,3,3
0,0,0,0,531,19,3,3
0,0,0,0,674,40,3,3
0,0,0,0,326,53,2,2
0,0,0,0,28,13,2,2
0,0,0,0,589,16,0,1
0,0,0,0,740,31,0,1
0,0,0,0,789,66,3,3
0,0,0,0,801,30,2,2
0,0,0,0,707,3,2,2
0,0,0,0,757,9,1,1
0,0,0,0,740,13,0,1
0,0,0,0,212,43,1,1
0,0,0,0,72,37,2,3
0,0,0,0,664,20,2,2
0,0,0,0,580,51,3,3
0,0,0,0,621,23,0,0
0,0,0,0,730,20,2,2
0,0,0,0,1,7,0,3
0,0,0,0,153,34,3,2
0,0,0,0,626,23,3,3
0,0,0,0,151,31,3,3
0,0,0,0,371,3,1,0
0,0,0,0,371,20,0,0
0,0,0,0,750,22,1,1
0,0,0,0,330,2,1,0
0,0,0,0,558,13,3,3
0,0,0,0,71,15,2,2
0,0,0,0,232,47,3,3
0,0,0,0,695,31,3,3
0,0,0,0,623,13,1,0
0,0,0,0,545,42,0,1
0,0,0,0,775,47,2,2
0,0,0,0,155,22,2,2
0,0,0,0,37,16,3,3
0,0,0,0,347,8,1,1
0,0,0,0,265,35,3,3
0,0,0,0,773,9,2,3
0,0,0,0,213,40,1,1
0,0,0,0,367,16,1,1
0,0,0,0,756,25,0,0
0,0,0,0,443,40,0,0
0,0,0,0,598,20,2,2
0,0,0,0,303,3,2,3
0,0,0,0,202,10,3,2
0,0,0,0,41,30,2,2
0,0,0,0,603,2,2,3
0,0,0,0,277,15,2,2
0,0,0,0,85,43,1,1
0,0,0,0,720,14,0,1
0,0,0,0,650,16,2,2
0,0,0,0,146,76,1,1
0,0,0,0,259,13,2,2
0,0,0,0,242,35,2,2
0,0,0,0,609,34,0,0
0,0,0,0,753,28,0,0
0,0,0,0,269,36,0,0
0,0,0,0,367,23,1,1
0,0,0,0,798,20,0,0
0,0,0,0,252,54,2,2
0,0,0,0,112,36,0,0
0,0,0,0,759,66,1,1
0,0,0,0,622,16,2,2
0,0,0,0,717,14,2,3
0,0,0,0,289,37,2,2
0,0,0,0,348,23,2,2
0,0,0,0,722,8,0,1
0,0,0,0,431,6,3,3
0,0,0,0,656,29,2,3
0,0,0,0,717,43,2,3
0,0,0,0,150,63,3,3
0,0,0,0,341,16,3,3
0,0,0,0,405,43,2,2
0,0,0,0,533,16,3,3
0,0,0,0,117,28,3,2
0,0,0,0,441,2,2,3
0,0,0,0,610,39,1,1
0,0,0,0,665,7,1,1
0,0,0,0,190,55,2,3
0,0,0,0,346,17,3,2
0,0,0,0,764,21,3,2
0,0,0,0,619,55,1,1
0,0,0,0,80,16,0,1
0,0,0,0,684,58,1,0
0,0,0,0,579,17,2,2
0,0,0,0,766,20,0,0
0,0,0,0,371,21,1,0
0,0,0,0,223,31,2,2
0,0,0,0,745,53,3,3
0,0,0,0,261,25,0,1
0,0,0,0,443,56,0,0
0,0,0,0,427,22,3,3
0,0,0,0,678,88,3,3
0,0,0,0,265,70,3,3
0,0,0,0,792,55,3,3
0,0,0,0,111,41,2,3
0,0,0,0,384,28,3,3
0,0,0,0,604,16,2,3
0,0,0,0,183,34,3,3
0,0,0,0,755,84,3,3
0,0,0,0,343,16,1,1
0,0,0,0,685,7,1,1
0,0,0,0,88,55,1,1
0,0,0,0,14,16,0,1
0,0,0,0,68,26,0,0
0,0,0,0,322,87,3,3
0,0,0,0,454,3,2,2
0,0,0,0,377,29,2,2
0,0,0,0,358,36,3,3
0,0,0,0,172,76,3,2
0,0,0,0,488,36,0,0
0,0,0,0,451,16,3,3
0,0,0,0,221,3,3,3
0,0,0,0,196,36,3,3
0,0,0,0,710,58,2,3
0,0,0,0,611,13,3,3
0,0,0,0,704,16,3,3
0,0,0,0,549,43,2,2
0,0,0,0,513,20,0,0
0,0,0,0,534,91,1,0
0,0,0,0,598,9,2,2
0,0,0,0,583,30,2,3
0,0,0,0,258,25,2,3
0,0,0,0,725,29,2,2
0,0,0,0,169,62,1,1
0,0,0,0,688,13,3,3
0,0,0,0,135,34,2,2
0,0,0,0,313,36,2,3
0,0,0,0,399,23,0,0
0,0,0,0,506,9,1,1
0,0,0,0,439,33,0,1
0,0,0,0,679,19,1,0
0,0,0,0,638,9,2,2
0,0,0,0,21,47,3,2
0,0,0,0,479,1,3,3
0,0,0,0,630,13,3,3
0,0,0,0,569,60,2,2
0,0,0,0,711,66,1,1
0,0,0,0,398,47,1,1
0,0,0,0,305,76,1,1
0,0,0,0,624,35,1,1
0,0,0,0,68,27,0,0
0,0,0,0,679,10,1,0
0,0,0,0,154,55,0,0
0,0,0,0,650,1,2,2
0,0,0,0,761,26,2,2
0,0,0,0,295,58,1,0
0,0,0,0,695,20,2,3
0,0,0,0,59,53,1,1
0,0,0,0,609,47,0,0
0,0,0,0,62,76,0,0
0,0,0,0,754,34,0,0
0,0,0,0,8,46,0,0
0,0,0,0,636,28,3,3
0,0,0,0,576,34,0,0
0,0,0,0,670,3,1,2
0,0,0,0,725,43,2,2
0,0,0,0,344,2,3,2
0,0,0,0,528,10,3,3
0,0,0,0,565,31,2,2
0,0,0,0,600,16,0,1
0,0,0,0,668,2,3,3
0,0,0,0,104,25,2,2
0,0,0,0,356,62,1,0
0,0,0,0,133,35,1,1
0,0,0,0,459,34,3,2
0,0,0,0,267,100,3,2
0,0,0,0,457,16,2,3
0,0,0,0,113,3,3,3
0,0,0,0,187,8,3,3
0,0,0,0,1,8,2,3
0,0,0,0,457,13,2,3
0,0,0,0,175,47,1,1
0,0,0,0,705,29,1,2
0,0,0,0,746,5,3,3
0,0,0,0,547,12,3,3
0,0,0,0,232,72,3,3
0,0,0,0,802,25,0,1
0,0,0,0,386,24,3,2
0,0,0,0,804,11,2,2
0,0,0,0,721,47,2,2
0,0,0,0,500,22,2,2
0,0,0,0,363,10,3,3
0,0,0,0,569,65,2,2
0,0,0,0,733,9,0,0
0,0,0,0,527,45,2,3
0,0,0,0,793,41,3,2
0,0,0,0,24,53,1,1
0,0,0,0,525,60,1,1
0,0,0,0,523,2,1,0
0,0,0,0,195,55,3,3
0,0,0,0,688,31,3,3
0,0,0,0,652,57,0,0
0,0,0,0,709,35,1,1
0,0,0,0,166,41,2,2
0,0,0,0,575,12,3,3
0,0,0,0,8,40,0,0
0,0,0,0,260,31,2,2
0,0,0,0,528,81,3,3
0,0,0,0,804,14,2,2
0,0,0,0,481,25,1,1
0,0,0,0,245,23,3,3
0,0,0,0,185,31,3,3
0,0,0,0,250,40,3,3
0,0,0,0,742,40,3,2
0,0,0,0,475,13,1,0
0,0,0,0,40,37,2,2
0,0,0,0,173,29,0,1
0,0,0,0,146,40,1,1
0,0,0,0,56,36,0,1
0,0,0,0,797,9,3,3
0,0,0,0,27,52,3,3
0,0,0,0,160,58,1,1
0,0,0,0,13,13,3,3
0,0,0,0,145,31,0,0
0,0,0,0,751,58,1,0
0,0,0,0,506,11,0,1
0,0,0,0,163,40,3,3
0,0,0,0,460,11,1,1
0,0,0,0,658,29,2,3
0,0,0,0,585,40,3,2
0,0,0,0,567,39,1,1
0,0,0,0,187,77,3,3
0,0,0,0,28,43,2,2
0,0,0,0,225,23,0,0
0,0,0,0,762,16,3,3
0,0,0,0,449,41,3,3
0,0,0,0,35,4,3,3
0,0,0,0,527,13,3,3
0,0,0,0,321,50,0,0
0,0,0,0,402,2,1,1
0,0,0,0,148,51,2,2
0,0,0,0,577,56,2,2
0,0,0,0,78,21,3,3
0,0,0,0,271,54,3,3
0,0,0,0,570,73,2,2
0,0,0,0,600,11,0,1
0,0,0,0,157,50,1,1
0,0,0,0,89,31,0,0
0,0,0,0,202,22,3,2
0,0,0,0,284,51,0,1
0,0,0,0,331,13,3,3
0,0,0,0,68,39,0,0
0,0,0,0,500,21,2,2
0,0,0,0,211,57,0,0
0,0,0,0,113,23,3,3
0,0,0,0,309,40,0,0
0,0,0,0,759,58,1,1
0,0,0,0,538,47,3,3
0,0,0,0,138,35,0,2
0,0,0,0,361,5,3,2
0,0,0,0,807,12,0,0
0,0,0,0,20,16,0,1
0,0,0,0,120,10,0,0
0,0,0,0,762,35,3,3
0,0,0,0,328,23,3,3
0,0,0,0,667,42,0,0
0,0,0,0,108,9,0,0
0,0,0,0,241,5,0,0
0,0,0,0,350,51,0,1
0,0,0,0,580,1,2,3
0,0,0,0,64,47,2,2
0,0,0,0,640,9,1,0
0,0,0,0,416,3,2,3
0,0,0,0,56,5,0,1
0,0,0,0,267,43,3,2
0,0,0,0,540,15,2,3
0,0,0,0,805,62,0,2
0,0,0,0,688,58,2,3
0,0,0,0,380,63,0,0
0,0,0,0,278,25,2,2
0,0,0,0,670,11,2,2
0,0,0,0,642,27,1,0
0,0,0,0,562,16,0,1
0,0,0,0,464,3,2,2
0,0,0,0,738,40,3,3
0,0,0,0,638,51,2,2
0,0,0,0,194,76,0,0
0,0,0,0,351,13,3,3
0,0,0,0,492,11,2,2
0,0,0,0,327,22,3,0
0,0,0,0,30,31,0,1
0,0,0,0,73,16,0,1
0,0,0,0,441,25,3,3
0,0,0,0,676,9,2,2
0,0,0,0,389,21,2,2
0,0,0,0,770,12,3,3
0,0,0,0,646,43,2,3
0,0,0,0,669,11,3,2
0,0,0,0,449,46,3,3
0,0,0,0,688,62,3,3
0,0,0,0,508,43,2,2
0,0,0,0,219,16,0,1
0,0,0,0,752,31,0,0
0,0,0,0,543,55,0,0
0,0,0,0,801,66,2,2
0,0,0,0,458,43,0,0
0,0,0,0,321,76,0,0
0,0,0,0,778,13,1,1
0,0,0,0,556,20,2,2
0,0,0,0,686,63,0,0
0,0,0,0,170,13,1,1
0,0,0,0,384,34,2,3
0,0,0,0,742,42,3,2
0,0,0,0,4,30,0,0
0,0,0,0,636,8,3,3
0,0,0,0,803,28,3,2
0,0,0,0,784,9,2,3
0,0,0,0,680,88,3,3
0,0,0,0,366,41,2,3
0,0,0,0,201,42,2,2
0,0,0,0,346,34,3,2
0,0,0,0,251,43,1,1
0,0,0,0,768,20,2,2
0,0,0,0,414,43,3,3
0,0,0,0,749,34,3,2
0,0,0,0,300,65,1,1
0,0,0,0,304,31,0,1
0,0,0,0,434,34,0,1
0,0,0,0,792,45,2,3
0,0,0,0,356,54,1,0
0,0,0,0,413,3,2,3
0,0,0,0,499,50,3,3
0,0,0,0,539,23,1,1
0,0,0,0,769,9,0,3
0,0,0,0,430,2,3,2
0,0,0,0,785,19,0,0
0,0,0,0,271,17,3,3
0,0,0,0,618,3,0,1
0,0,0,0,523,10,1,0
0,0,0,0,576,23,0,0
0,0,0,0,461,3,2,3
0,0,0,0,92,23,0,0
0,0,0,0,83,26,0,0
0,0,0,0,710,3,3,3
0,0,0,0,689,11,3,3
0,0,0,0,326,16,2,2
0,0,0,0,474,28,0,0
0,0,0,0,430,8,2,2
0,0,0,0,316,22,1,1
0,0,0,0,268,40,2,2
0,0,0,0,732,35,3,3
0,0,0,0,79,28,2,2
0,0,0,0,190,61,2,3
0,0,0,0,353,40,3,2
0,0,0,0,136,63,1,1
0,0,0,0,544,2,0,0
0,0,0,0,745,58,2,3
0,0,0,0,624,37,1,1
0,0,0,0,119,67,0,0
0,0,0,0,268,5,2,2
0,0,0,0,281,52,0,0
0,0,0,0,437,8,2,3
0,0,0,0,42,43,0,0
0,0,0,0,558,43,3,3
0,0,0,0,714,1,1,1
0,0,0,0,757,41,1,1
0,0,0,0,410,34,0,0
0,0,0,0,278,16,2,2
0,0,0,0,780,5,2,2
0,0,0,0,652,31,0,0
0,0,0,0,503,37,2,3
0,0,0,0,602,10,2,2
0,0,0,0,180,4,3,3
0,0,0,0,197,91,3,3
0,0,0,0,467,3,2,2
0,0,0,0,465,16,3,2
0,0,0,0,496,31,0,1
0,0,0,0,329,10,3,3
0,0,0,0,358,12,3,3
0,0,0,0,138,55,2,2
0,0,0,0,739,31,2,2
0,0,0,0,653,13,2,3
0,0,0,0,542,9,2,2
0,0,0,0,679,1,0,0
0,0,0,0,542,37,2,2
0,0,0,0,100,4,0,0
0,0,0,0,486,52,2,2
0,0,0,0,640,84,0,0
0,0,0,0,807,25,1,0
0,0,0,0,131,57,0,0
0,0,0,0,359,61,2,2
0,0,0,0,645,9,2,2
0,0,0,0,278,9,2,2
0,0,0,0,242,34,2,2
0,0,0,0,765,43,2,2
0,0,0,0,156,39,2,2
0,0,0,0,159,19,0,1
0,0,0,0,442,26,2,3
0,0,0,0,295,9,1,0
0,0,0,0,340,35,0,1
0,0,0,0,312,31,3,3
0,0,0,0,645,42,3,2
0,0,0,0,268,21,2,2
0,0,0,0,669,21,2,2
0,0,0,0,714,22,0,1
0,0,0,0,519,31,2,2
0,0,0,0,31,9,3,2
0,0,0,0,794,66,3,3
0,0,0,0,92,47,0,0
0,0,0,0,166,21,3,2
0,0,0,0,433,9,0,0
0,0,0,0,606,31,1,1
0,0,0,0,706,16,0,0
0,0,0,0,596,17,0,1
0,0,0,0,92,43,1,0
0,0,0,0,502,23,2,2
0,0,0,0,532,21,3,3
0,0,0,0,784,20,3,3
0,0,0,0,562,37,1,1
0,0,0,0,736,31,2,2
0,0,0,0,387,3,1,1
0,0,0,0,16,62,0,0
0,0,0,0,166,9,2,2
0,0,0,0,117,17,3,2
0,0,0,0,533,57,3,3
0,0,0,0,486,55,2,2
0,0,0,0,717,54,2,3
0,0,0,0,413,16,3,3
0,0,0,0,707,17,3,2
0,0,0,0,364,22,3,3
0,0,0,0,405,7,0,2
0,0,0,0,237,43,0,1
0,0,0,0,144,16,0,1
0,0,0,0,26,47,3,3
0,0,0,0,507,35,2,2
0,0,0,0,279,50,1,1
0,0,0,0,45,53,0,0
0,0,0,0,658,9,3,3
0,0,0,0,43,20,3,3
0,0,0,0,323,31,2,2
0,0,0,0,628,29,1,0
0,0,0,0,778,20,1,1
0,0,0,0,313,40,2,3
0,0,0,0,525,40,1,1
0,0,0,0,789,9,3,3
0,0,0,0,516,21,0,3
0,0,0,0,17,17,3,3
0,0,0,0,542,22,2,2
0,0,0,0,353,58,2,2
0,0,0,0,488,39,0,0
0,0,0,0,341,62,3,3
0,0,0,0,650,43,2,2
0,0,0,0,726,47,3,3
0,0,0,0,651,41,2,3
0,0,0,0,472,13,1,1
0,0,0,0,144,36,1,1
0,0,0,0,161,35,2,2
0,0,0,0,11,55,0,0
0,0,0,0,786,20,0,0
0,0,0,0,632,3,2,3
0,0,0,0,138,11,2,2
0,0,0,0,714,35,0,1
0,0,0,0,255,21,2,2
0,0,0,0,255,10,2,2
0,0,0,0,33,11,1,0
0,0,0,0,697,25,3,2
0,0,0,0,105,34,1,1
0,0,0,0,246,29,2,3
0,0,0,0,428,61,0,0
0,0,0,0,563,16,0,0
0,0,0,0,585,17,3,2
0,0,0,0,31,35,2,2
0,0,0,0,729,61,1,1
0,0,0,0,762,28,3,3
0,0,0,0,141,37,2,3
0,0,0,0,768,21,2,2
0,0,0,0,753,55,0,0
0,0,0,0,96,3,2,2
0,0,0,0,172,22,3,2
0,0,0,0,215,51,0,0
0,0,0,0,391,9,3,3
0,0,0,0,667,13,1,0
0,0,0,0,403,40,1,1
0,0,0,0,185,43,3,3
0,0,0,0,60,34,3,2
0,0,0,0,439,85,0,1
0,0,0,0,576,37,0,0
0,0,0,0,53,29,1,1
0,0,0,0,602,3,2,2
0,0,0,0,136,40,1,1
0,0,0,0,698,10,1,0
0,0,0,0,489,31,2,2
0,0,0,0,565,40,3,2
0,0,0,0,10,21,0,0
0,0,0,0,168,13,1,0
0,0,0,0,690,22,3,3
0,0,0,0,429,25,2,2
0,0,0,0,501,15,0,0
0,0,0,0,493,61,1,1
0,0,0,0,283,76,0,0
0,0,0,0,203,49,3,2
0,0,0,0,514,89,2,2
0,0,0,0,255,41,2,2
0,0,0,0,351,19,3,3
0,0,0,0,416,53,2,3
0,0,0,0,422,43,3,3
0,0,0,0,804,9,2,2
0,0,0,0,241,22,0,0
0,0,0,0,730,9,2,2
0,0,0,0,598,23,3,2
0,0,0,0,101,47,2,2
0,0,0,0,301,35,3,3
0,0,0,0,147,40,3,3
0,0,0,0,186,77,2,2
0,0,0,0,373,29,2,2
0,0,0,0,165,16,0,0
0,0,0,0,208,44,0,1
0,0,0,0,74,31,1,1
0,0,0,0,664,43,2,2
0,0,0,0,806,73,3,3
0,0,0,0,795,10,0,1
0,0,0,0,683,21,2,2
0,0,0,0,560,53,0,1
0,0,0,0,425,3,2,2
0,0,0,0,469,53,1,1
0,0,0,0,6,39,3,2
0,0,0,0,519,43,2,2
0,0,0,0,660,54,2,2
0,0,0,0,282,16,1,1
0,0,0,0,684,3,1,0
0,0,0,0,488,5,0,0
0,0,0,0,402,13,1,1
0,0,0,0,629,58,2,2
0,0,0,0,707,15,3,2
0,0,0,0,526,53,0,0
0,0,0,0,805,31,3,2
0,0,0,0,244,17,1,1
0,0,0,0,511,16,0,0
0,0,0,0,435,72,0,0
0,0,0,0,355,28,3,3
0,0,0,0,294,52,2,2
0,0,0,0,654,13,1,1
0,0,0,0,404,74,3,3
0,0,0,0,256,8,0,1
0,0,0,0,227,24,3,3
0,0,0,0,183,95,3,3
0,0,0,0,75,17,3,3
0,0,0,0,523,58,0,0
0,0,0,0,403,16,0,1
0,0,0,0,168,61,0,0
0,0,0,0,612,13,0,0
0,0,0,0,541,3,2,2
0,0,0,0,493,36,1,1
0,0,0,0,60,80,3,2
0,0,0,0,730,11,2,2
0,0,0,0,748,34,0,0
0,0,0,0,689,73,3,3
0,0,0,0,211,89,0,0
0,0,0,0,502,3,2,2
0,0,0,0,648,31,3,2
0,0,0,0,579,25,2,2
0,0,0,0,19,12,0,1
0,0,0,0,55,34,3,2
0,0,0,0,485,14,2,2
0,0,0,0,756,102,0,0
0,0,0,0,72,16,3,3
0,0,0,0,262,5,2,2
0,0,0,0,107,41,3,3
0,0,0,0,636,43,3,3
0,0,0,0,18,18,1,1
0,0,0,0,162,48,0,1
0,0,0,0,645,63,3,2
0,0,0,0,435,2,0,0
0,0,0,0,802,20,0,1
0,0,0,0,295,53,1,0
0,0,0,0,3,18,1,1
0,0,0,0,40,41,2,2
0,0,0,0,722,41,0,1
0,0,0,0,596,31,0,1
0,0,0,0,699,45,0,0
0,0,0,0,582,3,1,1
0,0,0,0,703,20,1,0
0,0,0,0,559,27,1,1
0,0,0,0,438,5,3,3
0,0,0,0,244,86,1,1
0,0,0,0,275,43,2,1
0,0,0,0,586,35,0,0
0,0,0,0,580,22,3,3
0,0,0,0,704,34,3,3
0,0,0,0,379,6,3,2
0,0,0,0,156,22,2,2
0,0,0,0,580,27,3,3
0,0,0,0,652,40,0,0
0,0,0,0,136,21,1,1
0,0,0,0,155,3,2,2
0,0,0,0,374,40,1,1
0,0,0,0,102,60,1,1
0,0,0,0,646,13,3,3
0,0,0,0,701,59,3,2
0,0,0,0,50,9,1,1
0,0,0,0,626,16,3,3
0,0,0,0,176,33,0,1
0,0,0,0,366,34,3,3
0,0,0,0,127,16,3,3
0,0,0,0,776,42,1,1
0,0,0,0,353,22,3,2
0,0,0,0,61,13,3,3
0,0,0,0,136,11,0,1
0,0,0,0,468,23,3,2
0,0,0,0,342,39,3,3
0,0,0,0,477,1,1,0
0,0,0,0,591,53,1,1
0,0,0,0,596,53,1,1
0,0,0,0,396,73,0,0
0,0,0,0,88,51,1,1
0,0,0,0,535,6,3,3
0,0,0,0,151,34,3,3
0,0,0,0,780,35,3,2
0,0,0,0,555,1,2,2
0,0,0,0,218,6,2,2
0,0,0,0,367,3,0,1
0,0,0,0,208,34,1,1
0,0,0,0,88,16,0,1
0,0,0,0,766,25,0,0
0,0,0,0,692,27,0,0
0,0,0,0,413,50,3,3
0,0,0,0,351,55,3,3
0,0,0,0,486,3,2,2
0,0,0,0,683,54,3,2
0,0,0,0,209,36,2,2
0,0,0,0,451,43,3,3
0,0,0,0,363,15,2,3
0,0,0,0,242,37,2,2
0,0,0,0,573,40,3,3
0,0,0,0,562,13,1,1
0,0,0,0,715,25,3,3
0,0,0,0,552,16,1,0
0,0,0,0,334,43,3,3
0,0,0,0,157,63,1,1
0,0,0,0,526,25,0,0
0,0,0,0,304,16,1,1
0,0,0,0,510,41,3,3
0,0,0,0,723,27,0,0
0,0,0,0,151,11,3,3
0,0,0,0,515,22,0,1
0,0,0,0,672,61,0,1
0,0,0,0,774,21,1,0
0,0,0,0,739,3,2,2
0,0,0,0,116,1,3,3
0,0,0,0,590,56,0,0
0,0,0,0,668,44,3,3
0,0,0,0,367,40,1,1
0,0,0,0,363,40,3,3
0,0,0,0,384,50,3,3
0,0,0,0,426,40,1,1
0,0,0,0,638,31,3,2
0,0,0,0,368,1,0,0
0,0,0,0,104,6,2,2
0,0,0,0,237,60,1,1
0,0,0,0,623,55,1,0
0,0,0,0,662,25,2,2
0,0,0,0,116,17,3,3
0,0,0,0,251,13,1,1
0,0,0,0,382,56,2,3
0,0,0,0,334,28,3,3
0,0,0,0,73,13,2,1
0,0,0,0,394,5,3,3
0,0,0,0,207,39,1,1
0,0,0,0,22,21,3,3
0,0,0,0,786,58,1,0
0,0,0,0,296,53,0,0
0,0,0,0,73,1,1,1
0,0,0,0,467,20,2,2
0,0,0,0,722,55,0,1
0,0,0,0,265,12,3,3
0,0,0,0,114,13,3,2
0,0,0,0,377,17,3,2
0,0,0,0,382,28,3,3
0,0,0,0,599,58,1,0
0,0,0,0,621,54,0,0
0,0,0,0,474,47,1,0
0,0,0,0,571,21,2,2
0,0,0,0,718,22,2,2
0,0,0,0,588,23,0,1
0,0,0,0,74,20,1,1
0,0,0,0,194,56,1,0
0,0,0,0,712,34,3,3
0,0,0,0,349,35,0,1
0,0,0,0,385,56,2,2
0,0,0,0,645,53,3,2
0,0,0,0,370,58,2,3
0,0,0,0,691,20,3,3
0,0,0,0,243,85,1,1
0,0,0,0,240,54,2,2
0,0,0,0,331,40,3,3
0,0,0,0,494,20,2,3
0,0,0,0,704,1,3,3
0,0,0,0,537,9,3,3
0,0,0,0,767,3,1,1
0,0,0,0,654,3,1,1
0,0,0,0,273,52,2,3
0,0,0,0,219,56,0,1
0,0,0,0,777,88,2,3
0,0,0,0,105,20,1,1
0,0,0,0,727,5,3,3
0,0,0,0,488,45,0,0
0,0,0,0,277,31,3,2
0,0,0,0,140,37,1,0
0,0,0,0,341,3,3,3
0,0,0,0,64,40,2,2
0,0,0,0,224,13,1,0
0,0,0,0,207,58,1,1
0,0,0,0,223,6,2,2
0,0,0,0,392,34,0,1
0,0,0,0,748,55,0,0
0,0,0,0,567,13,1,1
0,0,0,0,572,3,0,1
0,0,0,0,779,40,1,1
0,0,0,0,686,28,0,0
0,0,0,0,754,47,0,0
0,0,0,0,593,15,1,1
0,0,0,0,576,10,0,0
0,0,0,0,121,36,0,0
0,0,0,0,400,35,2,2
0,0,0,0,559,69,1,1
0,0,0,0,525,3,0,1
0,0,0,0,142,1,2,2
0,0,0,0,476,41,0,0
0,0,0,0,220,57,0,0
0,0,0,0,497,43,2,3
0,0,0,0,170,36,1,1
0,0,0,0,25,44,3,2
0,0,0,0,397,3,2,2
0,0,0,0,639,3,3,3
0,0,0,0,16,56,0,0
0,0,0,0,760,61,0,1
0,0,0,0,280,63,3,3
0,0,0,0,51,17,3,2
0,0,0,0,611,1,3,3
0,0,0,0,639,31,3,3
0,0,0,0,688,9,3,3
0,0,0,0,459,55,2,2
0,0,0,0,791,16,3,3
0,0,0,0,117,12,3,2
0,0,0,0,683,31,2,2
0,0,0,0,686,41,0,0
0,0,0,0,283,2,1,0
0,0,0,0,502,13,2,2
0,0,0,0,503,56,2,3
0,0,0,0,289,76,2,2
0,0,0,0,404,56,3,3
0,0,0,0,232,13,3,3
0,0,0,0,361,22,2,2
0,0,0,0,556,39,2,2
0,0,0,0,794,25,3,3
0,0,0,0,612,9,0,0
0,0,0,0,509,61,3,3
0,0,0,0,677,42,1,1
0,0,0,0,23,48,0,0
0,0,0,0,803,31,2,2
0,0,0,0,82,88,2,2
0,0,0,0,69,13,2,2
0,0,0,0,523,30,0,0
0,0,0,0,455,27,2,3
0,0,0,0,407,2,0,1
0,0,0,0,58,28,3,3
0,0,0,0,152,27,1,1
0,0,0,0,540,39,3,3
0,0,0,0,130,55,1,1
0,0,0,0,667,59,0,0
0,0,0,0,413,31,3,3
0,0,0,0,266,22,0,1
0,0,0,0,308,13,1,1
0,0,0,0,783,84,3,2
0,0,0,0,297,9,2,2
0,0,0,0,460,19,1,1
0,0,0,0,599,13,1,0
0,0,0,0,242,3,2,2
0,0,0,0,448,20,2,2
0,0,0,0,61,62,3,3
0,0,0,0,328,62,2,3
0,0,0,0,665,51,1,1
0,0,0,0,317,37,2,3
0,0,0,0,443,12,0,0
0,0,0,0,431,56,2,3
0,0,0,0,82,29,2,2
0,0,0,0,506,5,0,1
0,0,0,0,702,14,2,3
0,0,0,0,429,23,2,2
0,0,0,0,141,3,2,3
0,0,0,0,365,55,1,1
0,0,0,0,29,35,1,3
0,0,0,0,292,19,2,2
0,0,0,0,505,96,1,1
0,0,0,0,615,42,1,0
0,0,0,0,176,22,0,1
0,0,0,0,200,20,3,3
0,0,0,0,532,26,2,3
0,0,0,0,231,37,1,1
0,0,0,0,248,31,2,2
0,0,0,0,154,21,0,0
0,0,0,0,529,53,2,2
0,0,0,0,350,14,1,1
0,0,0,0,778,43,1,1
0,0,0,0,98,68,2,2
0,0,0,0,242,31,2,2
0,0,0,0,225,9,0,0
0,0,0,0,632,29,2,3
0,0,0,0,468,56,2,2
0,0,0,0,164,58,2,3
0,0,0,0,288,29,1,0
0,0,0,0,179,23,2,2
0,0,0,0,47,40,1,1
0,0,0,0,238,6,3,2
0,0,0,0,765,3,2,2
0,0,0,0,425,16,2,2
0,0,0,0,401,17,3,3
0,0,0,0,316,11,0,1
0,0,0,0,164,89,3,3
0,0,0,0,423,53,0,0
0,0,0,0,758,30,3,3
0,0,0,0,603,11,3,3
0,0,0,0,396,17,1,0
0,0,0,0,420,13,1,1
0,0,0,0,718,31,2,2
0,0,0,0,420,34,1,1
0,0,0,0,607,7,1,0
0,0,0,0,245,35,3,3
0,0,0,0,408,79,1,1
0,0,0,0,599,41,0,0
0,0,0,0,324,9,3,3
0,0,0,0,275,34,1,1
0,0,0,0,281,34,0,0
0,0,0,0,305,16,1,1
0,0,0,0,583,40,3,3
0,0,0,0,156,56,2,2
0,0,0,0,782,20,2,2
0,0,0,0,612,40,0,0
0,0,0,0,39,25,3,3
0,0,0,0,516,20,2,3
0,0,0,0,413,1,3,3
0,0,0,0,563,45,0,0
0,0,0,0,260,12,2,2
0,0,0,0,120,31,0,0
0,0,0,0,7,41,1,0
0,0,0,0,393,16,0,0
0,0,0,0,393,3,1,0
0,0,0,0,716,51,1,1
0,0,0,0,114,25,2,2
0,0,0,0,516,73,2,3
0,0,0,0,606,35,0,1
0,0,0,0,438,47,3,3
0,0,0,0,96,83,3,2
0,0,0,0,685,3,1,1
0,0,0,0,713,25,3,3
0,0,0,0,395,36,1,1
0,0,0,0,654,43,1,1
0,0,0,0,323,3,2,2
0,0,0,0,695,9,3,3
0,0,0,0,678,54,3,3
0,0,0,0,142,86,2,2
0,0,0,0,681,22,1,0
0,0,0,0,199,37,2,3
0,0,0,0,76,13,3,3
0,0,0,0,637,55,1,1
0,0,0,0,14,6,1,1
0,0,0,0,750,58,1,1
0,0,0,0,675,20,3,3
0,0,0,0,323,1,2,2
0,0,0,0,424,20,1,1
0,0,0,0,217,17,1,1
0,0,0,0,131,31,0,0
0,0,0,0,444,40,1,1
0,0,0,0,741,9,0,0
0,0,0,0,240,43,2,2
0,0,0,0,312,9,3,3
0,0,0,0,40,23,2,2
0,0,0,0,644,2,1,1
0,0,0,0,516,31,2,3
0,0,0,0,227,16,3,3
0,0,0,0,523,20,0,0
0,0,0,0,782,3,2,2
0,0,0,0,464,36,2,2
0,0,0,0,617,10,3,2
0,0,0,0,682,22,1,1
0,0,0,0,278,43,2,2
0,0,0,0,649,20,3,3
0,0,0,0,274,20,2,2
0,0,0,0,5,31,2,3
0,0,0,0,314,19,0,0
0,0,0,0,659,9,3,3
0,0,0,0,422,48,3,3
0,0,0,0,720,43,1,1
0,0,0,0,696,3,1,0
0,0,0,0,183,75,3,3
0,0,0,0,455,3,2,3
0,0,0,0,572,10,0,1
0,0,0,0,485,35,2,2
0,0,0,0,61,51,2,3
0,0,0,0,611,21,3,3
0,0,0,0,789,13,3,3
0,0,0,0,530,37,2,3
0,0,0,0,682,25,0,1
0,0,0,0,205,66,1,0
0,0,0,0,423,2,0,0
0,0,0,0,526,39,0,0
0,0,0,0,727,21,3,3
0,0,0,0,299,47,0,0
0,0,0,0,645,43,3,2
0,0,0,0,109,3,0,1
0,0,0,0,192,37,2,3
0,0,0,0,188,2,1,0
0,0,0,0,2,17,2,2
0,0,0,0,730,25,2,2
0,0,0,0,397,13,3,2
0,0,0,0,779,66,1,1
0,0,0,0,148,9,2,2
0,0,0,0,12,4,1,1
0,0,0,0,711,22,0,1
0,0,0,0,484,16,2,3
0,0,0,0,502,19,2,2
0,0,0,0,475,21,1,0
0,0,0,0,613,39,0,0
0,0,0,0,45,2,0,0
0,0,0,0,283,21,1,0
0,0,0,0,450,40,3,3
0,0,0,0,671,34,2,2
0,0,0,0,596,56,0,1
0,0,0,0,410,53,0,0
0,0,0,0,59,41,1,1
0,0,0,0,786,31,0,0
0,0,0,0,644,10,0,1
0,0,0,0,742,5,2,2
0,0,0,0,383,40,1,1
0,0,0,0,771,55,2,2
0,0,0,0,208,3,1,1
0,0,0,0,804,54,2,2
0,0,0,0,687,35,3,3
0,0,0,0,352,25,0,1
0,0,0,0,669,3,2,2
0,0,0,0,612,52,0,0
0,0,0,0,577,9,2,2
0,0,0,0,160,66,0,1
0,0,0,0,569,9,2,2
0,0,0,0,511,47,0,0
0,0,0,0,157,65,1,1
0,0,0,0,15,43,3,3
0,0,0,0,675,22,3,3
0,0,0,0,573,16,2,3
0,0,0,0,606,6,1,1
0,0,0,0,235,13,3,2
0,0,0,0,637,41,1,1
0,0,0,0,201,14,2,2
0,0,0,0,284,56,0,1
0,0,0,0,99,13,0,0
0,0,0,0,449,37,2,3
0,0,0,0,344,61,3,2
0,0,0,0,84,20,0,0
0,0,0,0,404,35,3,3
0,0,0,0,257,31,0,0
0,0,0,0,230,97,0,1
0,0,0,0,783,21,3,2
0,0,0,0,78,16,3,3
0,0,0,0,622,3,2,2
0,0,0,0,482,16,3,3
0,0,0,0,737,21,1,1
0,0,0,0,750,35,2,1
0,0,0,0,79,23,2,2
0,0,0,0,238,3,2,2
0,0,0,0,230,10,0,1
0,0,0,0,638,26,2,2
0,0,0,0,768,84,3,2
0,0,0,0,120,47,0,0
0,0,0,0,732,43,3,3
0,0,0,0,800,34,3,3
0,0,0,0,467,17,2,2
0,0,0,0,481,42,1,1
0,0,0,0,799,3,2,2
0,0,0,0,148,1,2,2
0,0,0,0,680,36,3,3
0,0,0,0,264,99,2,1
0,0,0,0,494,28,3,3
0,0,0,0,630,43,2,3
0,0,0,0,802,41,0,1
0,0,0,0,84,25,0,0
0,0,0,0,631,45,2,2
0,0,0,0,582,23,1,1
0,0,0,0,324,31,3,3
0,0,0,0,705,30,2,2
0,0,0,0,248,13,3,2
0,0,0,0,563,34,0,0
0,0,0,0,482,88,3,3
0,0,0,0,297,28,2,2
0,0,0,0,154,61,0,0
0,0,0,0,345,34,0,1
0,0,0,0,433,25,1,0
0,0,0,0,448,13,3,2
0,0,0,0,193,16,2,3
0,0,0,0,117,13,2,2
0,0,0,0,246,9,3,3
0,0,0,0,767,13,0,1
0,0,0,0,270,11,2,3
0,0,0,0,246,72,3,3
0,0,0,0,102,15,1,1
0,0,0,0,365,1,1,1
0,0,0,0,134,9,3,3
0,0,0,0,301,56,3,3
0,0,0,0,423,17,0,0
0,0,0,0,298,89,0,0
0,0,0,0,596,13,0,1
0,0,0,0,253,75,2,2
0,0,0,0,327,25,1,0
0,0,0,0,538,9,3,3
0,0,0,0,177,12,0,0
0,0,0,0,177,37,0,0
0,0,0,0,239,58,0,1
0,0,0,0,82,69,2,2
0,0,0,0,617,34,3,2
0,0,0,0,576,8,0,0
0,0,0,0,463,41,1,1
0,0,0,0,423,90,0,0
0,0,0,0,645,60,3,2
0,0,0,0,521,59,0,0
0,0,0,0,783,34,3,2
0,0,0,0,644,40,1,1
0,0,0,0,161,54,2,2
0,0,0,0,730,73,2,2
0,0,0,0,513,63,0,0
0,0,0,0,729,43,1,1
0,0,0,0,268,55,3,2
0,0,0,0,154,43,0,0
0,0,0,0,433,15,0,0
0,0,0,0,51,9,3,2
0,0,0,0,15,36,3,3
0,0,0,0,87,31,1,1
0,0,0,0,86,12,0,0
0,0,0,0,739,58,2,2
0,0,0,0,96,10,3,2
0,0,0,0,757,10,0,1
0,0,0,0,400,37,2,2
0,0,0,0,331,3,3,3
0,0,0,0,614,13,2,2
0,0,0,0,83,16,0,0
0,0,0,0,39,5,3,3
0,0,0,0,793,5,3,2
0,0,0,0,320,41,3,3
0,0,0,0,727,13,3,3
0,0,0,0,6,13,2,2
0,0,0,0,188,9,0,0
0,0,0,0,444,31,0,1
0,0,0,0,485,58,2,2
0,0,0,0,795,9,1,1
0,0,0,0,525,19,1,1
0,0,0,0,614,29,1,2
0,0,0,0,173,3,1,1
0,0,0,0,20,11,0,1
0,0,0,0,323,12,2,2
0,0,0,0,242,13,2,2
0,0,0,0,799,20,2,2
0,0,0,0,110,21,2,2
0,0,0,0,273,5,3,3
0,0,0,0,87,28,1,1
0,0,0,0,121,42,0,0
0,0,0,0,672,23,0,1
0,0,0,0,251,16,0,1
0,0,0,0,409,47,0,1
0,0,0,0,81,37,1,1
0,0,0,0,534,47,0,0
0,0,0,0,417,26,3,0
0,0,0,0,479,17,3,3
0,0,0,0,187,5,3,3
0,0,0,0,665,66,1,1
0,0,0,0,777,10,3,3
0,0,0,0,96,25,3,2
0,0,0,0,318,34,1,1
0,0,0,0,226,9,2,2
0,0,0,0,172,56,2,2
0,0,0,0,239,35,1,1
0,0,0,0,82,3,2,2
0,0,0,0,731,35,3,3
0,0,0,0,293,16,3,3
0,0,0,0,310,45,1,1
0,0,0,0,787,42,0,1
0,0,0,0,609,3,1,0
0,0,0,0,445,20,0,0
0,0,0,0,669,31,3,2
0,0,0,0,130,36,0,1
0,0,0,0,532,69,3,3
0,0,0,0,561,2,0,1
0,0,0,0,642,54,1,0
0,0,0,0,608,31,1,1
0,0,0,0,209,10,2,2
0,0,0,0,35,14,3,3
0,0,0,0,490,39,3,2
0,0,0,0,599,76,2,0
0,0,0,0,106,42,3,3
0,0,0,0,230,16,0,1
0,0,0,0,174,60,3,3
0,0,0,0,157,9,1,1
0,0,0,0,545,69,1,1
0,0,0,0,586,23,0,0
0,0,0,0,12,2,1,1
0,0,0,0,53,35,1,1
0,0,0,0,785,35,0,0
0,0,0,0,147,1,3,3
0,0,0,0,31,10,2,2
0,0,0,0,384,9,2,3
0,0,0,0,307,39,0,0
0,0,0,0,425,99,2,2
0,0,0,0,585,5,3,2
0,0,0,0,535,55,2,3
0,0,0,0,549,35,2,2
0,0,0,0,24,49,1,1
0,0,0,0,225,12,0,0
0,0,0,0,49,50,2,2
0,0,0,0,200,43,3,3
0,0,0,0,310,13,0,1
0,0,0,0,587,41,1,1
0,0,0,0,216,3,0,0
0,0,0,0,723,9,0,0
0,0,0,0,312,65,2,3
0,0,0,0,453,13,3,3
0,0,0,0,396,34,0,0
0,0,0,0,428,41,0,0
0,0,0,0,760,16,0,1
0,0,0,0,17,39,3,3
0,0,0,0,122,72,2,2
0,0,0,0,759,31,0,1
0,0,0,0,203,19,2,2
0,0,0,0,14,57,1,1
0,0,0,0,649,5,3,3
0,0,0,0,376,50,0,0
0,0,0,0,116,13,3,3
0,0,0,0,412,35,3,3
0,0,0,0,797,41,2,3
0,0,0,0,173,73,1,1
0,0,0,0,741,3,1,0
0,0,0,0,262,22,2,2
0,0,0,0,49,35,2,2
0,0,0,0,381,58,2,3
0,0,0,0,802,30,0,1
0,0,0,0,754,29,1,0
0,0,0,0,379,43,3,2
0,0,0,0,270,35,2,3
0,0,0,0,793,13,3,2
0,0,0,0,450,2,3,3
0,0,0,0,293,25,3,3
0,0,0,0,621,21,0,0
0,0,0,0,193,23,3,3
0,0,0,0,430,56,2,2
0,0,0,0,711,51,1,1
0,0,0,0,157,60,1,1
0,0,0,0,308,4,1,1
0,0,0,0,372,21,3,3
0,0,0,0,372,37,2,3
0,0,0,0,532,67,2,3
0,0,0,0,209,35,2,2
0,0,0,0,795,28,1,1
0,0,0,0,751,28,0,0
0,0,0,0,250,1,3,3
0,0,0,0,142,22,2,2
0,0,0,0,182,72,0,3
0,0,0,0,281,51,0,0
0,0,0,0,784,16,3,3
0,0,0,0,268,9,2,2
0,0,0,0,796,16,2,3
0,0,0,0,165,22,0,0
0,0,0,0,609,16,0,0
0,0,0,0,242,8,2,2
0,0,0,0,644,34,1,1
0,0,0,0,115,1,2,2
0,0,0,0,45,39,0,0
0,0,0,0,305,21,0,1
0,0,0,0,155,40,3,2
0,0,0,0,447,45,0,0
0,0,0,0,336,16,2,2
0,0,0,0,725,41,2,2
0,0,0,0,536,47,1,1
0,0,0,0,638,60,2,2
0,0,0,0,455,47,2,3
0,0,0,0,450,41,3,3
0,0,0,0,67,73,2,2
0,0,0,0,736,6,2,2
0,0,0,0,288,9,1,0
0,0,0,0,361,34,2,2
0,0,0,0,134,61,2,3
0,0,0,0,566,2,2,3
0,0,0,0,367,19,1,1
0,0,0,0,772,3,0,1
0,0,0,0,410,35,0,0
0,0,0,0,271,41,2,3
0,0,0,0,517,20,3,3
0,0,0,0,241,41,0,0
0,0,0,0,20,47,1,1
0,0,0,0,57,45,2,3
0,0,0,0,223,3,2,2
0,0,0,0,691,43,3,3
0,0,0,0,604,47,3,3
0,0,0,0,584,43,3,3
0,0,0,0,681,13,0,0
0,0,0,0,108,13,3,0
0,0,0,0,23,36,0,0
0,0,0,0,494,45,2,3
0,0,0,0,495,60,2,2
0,0,0,0,123,50,2,2
0,0,0,0,135,3,3,2
0,0,0,0,335,36,0,0
0,0,0,0,704,28,3,3
0,0,0,0,369,37,2,2
0,0,0,0,121,37,0,0
0,0,0,0,89,58,0,0
0,0,0,0,307,13,0,0
0,0,0,0,775,8,2,2
0,0,0,0,659,34,3,3
0,0,0,0,15,55,3,3
0,0,0,0,41,1,2,2
0,0,0,0,33,58,1,0
0,0,0,0,25,2,2,2
0,0,0,0,1,4,3,3
0,0,0,0,390,34,2,3
0,0,0,0,666,41,0,0
0,0,0,0,218,62,2,2
0,0,0,0,414,28,2,3
0,0,0,0,155,23,3,2
0,0,0,0,480,25,0,0
0,0,0,0,63,37,1,1
0,0,0,0,472,3,1,1
0,0,0,0,428,3,1,0
0,0,0,0,526,31,0,0
0,0,0,0,216,16,0,0
0,0,0,0,676,20,2,2
0,0,0,0,660,17,3,2
0,0,0,0,753,73,0,0
0,0,0,0,175,21,2,1
0,0,0,0,335,37,0,0
0,0,0,0,251,9,1,1
0,0,0,0,181,80,3,3
0,0,0,0,780,16,2,2
0,0,0,0,771,50,2,2
0,0,0,0,452,29,0,2
0,0,0,0,337,21,3,3
0,0,0,0,301,31,2,3
0,0,0,0,610,28,0,1
0,0,0,0,110,35,2,2
0,0,0,0,111,60,3,3
0,0,0,0,740,42,1,1
0,0,0,0,529,55,3,2
0,0,0,0,66,25,2,3
0,0,0,0,459,12,2,2
0,0,0,0,86,16,0,0
0,0,0,0,410,56,0,0
0,0,0,0,4,25,0,0
0,0,0,0,87,16,0,1
0,0,0,0,754,61,0,0
0,0,0,0,213,14,0,1
0,0,0,0,344,3,3,2
0,0,0,0,120,28,0,0
0,0,0,0,538,60,3,3
0,0,0,0,184,90,3,3
0,0,0,0,138,14,2,2
0,0,0,0,661,39,0,1
0,0,0,0,140,34,1,0
0,0,0,0,687,31,2,3
0,0,0,0,90,4,0,1
0,0,0,0,527,69,3,3
0,0,0,0,58,9,3,3
0,0,0,0,224,65,1,0
0,0,0,0,785,20,0,0
0,0,0,0,127,91,3,3
0,0,0,0,175,40,1,1
0,0,0,0,64,23,2,2
0,0,0,0,227,5,2,3
0,0,0,0,589,41,1,1
0,0,0,0,388,50,1,1
0,0,0,0,429,28,2,2
0,0,0,0,409,17,0,1
0,0,0,0,794,34,3,3
0,0,0,0,592,12,2,2
0,0,0,0,685,47,1,1
0,0,0,0,518,1,2,2
0,0,0,0,122,41,2,2
0,0,0,0,116,61,0,3
0,0,0,0,680,102,3,3
0,0,0,0,514,71,2,2
0,0,0,0,707,40,3,2
0,0,0,0,468,4,3,2
0,0,0,0,241,2,0,0
0,0,0,0,336,5,2,2
0,0,0,0,508,40,3,2
0,0,0,0,267,39,3,2
0,0,0,0,5,32,2,3
0,0,0,0,528,44,3,3
0,0,0,0,310,22,1,1
0,0,0,0,89,22,1,0
0,0,0,0,439,61,1,1
0,0,0,0,93,47,3,2
0,0,0,0,715,13,3,3
0,0,0,0,571,94,2,2
0,0,0,0,541,35,2,2
0,0,0,0,293,20,3,3
0,0,0,0,804,88,2,2
0,0,0,0,661,53,0,1
0,0,0,0,399,12,0,0
0,0,0,0,345,54,1,1
0,0,0,0,704,54,3,3
0,0,0,0,367,2,0,1
0,0,0,0,249,40,1,1
0,0,0,0,492,13,2,2
0,0,0,0,774,28,0,0
0,0,0,0,374,9,1,1
0,0,0,0,59,26,1,1
0,0,0,0,601,47,1,1
0,0,0,0,247,11,2,2
0,0,0,0,648,17,3,2
0,0,0,0,478,15,3,3
0,0,0,0,483,31,2,3
0,0,0,0,111,76,3,3
0,0,0,0,553,2,3,2
0,0,0,0,385,21,3,2
0,0,0,0,715,5,3,3
0,0,0,0,759,14,0,1
0,0,0,0,610,13,1,1
0,0,0,0,66,9,3,3
0,0,0,0,612,67,0,0
0,0,0,0,452,37,2,2
0,0,0,0,22,22,3,3
0,0,0,0,781,58,1,1
0,0,0,0,427,10,3,3
0,0,0,0,112,17,0,0
0,0,0,0,223,29,2,2
0,0,0,0,527,25,3,3
0,0,0,0,168,76,1,0
0,0,0,0,175,16,0,1
0,0,0,0,475,41,0,0
0,0,0,0,51,39,2,2
0,0,0,0,572,15,1,1
0,0,0,0,2,11,2,2
0,0,0,0,634,66,0,0
0,0,0,0,357,90,0,0
0,0,0,0,747,43,1,1
0,0,0,0,492,94,2,2
0,0,0,0,190,56,2,3
0,0,0,0,678,34,3,3
0,0,0,0,139,35,3,3
0,0,0,0,426,28,0,1
0,0,0,0,662,28,2,2
0,0,0,0,390,20,2,3
0,0,0,0,659,25,3,3
0,0,0,0,220,44,0,0
0,0,0,0,389,9,2,2
0,0,0,0,115,41,2,2
0,0,0,0,437,53,3,3
0,0,0,0,132,62,0,1
0,0,0,0,469,63,1,1
0,0,0,0,366,51,3,3
0,0,0,0,727,34,3,3
0,0,0,0,132,8,1,1
0,0,0,0,554,51,2,2
0,0,0,0,302,71,0,0
0,0,0,0,778,35,0,1
0,0,0,0,787,35,1,1
0,0,0,0,774,34,1,0
0,0,0,0,583,34,3,3
0,0,0,0,301,39,3,3
0,0,0,0,77,52,3,3
0,0,0,0,267,48,3,2
0,0,0,0,599,4,0,0
0,0,0,0,289,62,2,2
0,0,0,0,70,58,2,2
0,0,0,0,315,35,0,0
0,0,0,0,592,15,2,2
0,0,0,0,777,29,2,3
0,0,0,0,100,3,1,0
0,0,0,0,700,28,2,2
0,0,0,0,752,41,0,0
0,0,0,0,64,35,2,2
0,0,0,0,724,34,2,2
0,0,0,0,680,31,3,3
0,0,0,0,627,12,3,2
0,0,0,0,85,13,1,1
0,0,0,0,777,22,3,3
0,0,0,0,314,16,0,0
0,0,0,0,801,28,3,2
0,0,0,0,363,50,3,3
0,0,0,0,105,29,1,1
0,0,0,0,473,59,1,1
0,0,0,0,664,13,2,2
0,0,0,0,410,31,1,0
0,0,0,0,352,21,0,1
0,0,0,0,324,19,3,3
0,0,0,0,239,28,0,1
0,0,0,0,55,3,2,2
0,0,0,0,638,2,3,2
0,0,0,0,355,35,3,3
0,0,0,0,524,14,2,3
0,0,0,0,660,13,2,2
0,0,0,0,729,40,1,1
0,0,0,0,292,28,3,2
0,0,0,0,663,27,1,1
0,0,0,0,625,34,2,2
0,0,0,0,315,31,0,0
0,0,0,0,806,62,3,3
0,0,0,0,126,16,2,2
0,0,0,0,636,59,3,3
0,0,0,0,523,63,0,0
0,0,0,0,215,23,0,0
0,0,0,0,89,61,0,0
0,0,0,0,564,31,3,2
0,0,0,0,313,52,2,3
0,0,0,0,429,20,2,2
0,0,0,0,597,16,2,2
0,0,0,0,18,40,1,1
0,0,0,0,43,47,3,3
0,0,0,0,290,13,1,1
0,0,0,0,418,17,3,3
0,0,0,0,622,34,2,2
0,0,0,0,505,20,1,1
0,0,0,0,458,12,0,0
0,0,0,0,180,3,3,3
0,0,0,0,486,70,2,2
0,0,0,0,375,4,3,2
0,0,0,0,730,1,2,2
0,0,0,0,715,42,3,3
0,0,0,0,69,40,2,2
0,0,0,0,369,14,0,2
0,0,0,0,360,11,0,0
0,0,0,0,767,58,1,1
0,0,0,0,451,37,2,3
0,0,0,0,513,10,0,0
0,0,0,0,237,5,0,1
0,0,0,0,706,3,1,0
0,0,0,0,731,16,3,3
0,0,0,0,725,35,2,2
0,0,0,0,330,35,1,0
0,0,0,0,308,16,0,1
0,0,0,0,376,47,0,0
0,0,0,0,67,55,2,2
0,0,0,0,489,39,2,2
0,0,0,0,98,58,2,2
0,0,0,0,440,5,0,0
0,0,0,0,574,56,0,0
0,0,0,0,807,3,1,0
0,0,0,0,242,40,2,2
0,0,0,0,620,48,1,0
0,0,0,0,307,36,0,0
0,0,0,0,24,62,0,1
0,0,0,0,512,66,0,0
0,0,0,0,632,43,3,3
0,0,0,0,712,19,3,3
0,0,0,0,417,55,1,0
0,0,0,0,342,20,2,3
0,0,0,0,513,3,0,0
0,0,0,0,143,50,0,0
0,0,0,0,379,12,3,2
0,0,0,0,788,45,2,2
0,0,0,0,8,5,1,0
0,0,0,0,534,56,0,0
0,0,0,0,462,17,3,3
0,0,0,0,92,58,1,0
0,0,0,0,677,56,0,1
0,0,0,0,493,62,0,1
0,0,0,0,218,40,2,2
0,0,0,0,758,9,3,3
0,0,0,0,700,41,2,2
0,0,0,0,3,16,0,1
0,0,0,0,288,2,1,0
0,0,0,0,520,21,0,0
0,0,0,0,605,29,2,2
0,0,0,0,446,20,3,3
0,0,0,0,697,23,2,2
0,0,0,0,110,1,3,2
0,0,0,0,112,20,0,0
0,0,0,0,67,11,2,2
0,0,0,0,29,13,3,3
0,0,0,0,131,72,0,0
0,0,0,0,578,42,3,3
0,0,0,0,723,28,0,0
0,0,0,0,588,61,0,1
0,0,0,0,785,45,0,0
0,0,0,0,713,28,3,3
0,0,0,0,502,53,3,2
0,0,0,0,689,36,3,3
0,0,0,0,174,35,3,3
0,0,0,0,698,13,1,0
0,0,0,0,104,22,2,2
0,0,0,0,379,35,3,2
0,0,0,0,205,12,0,0
0,0,0,0,693,13,1,0
0,0,0,0,564,35,3,2
0,0,0,0,537,47,3,3
0,0,0,0,603,3,2,3
0,0,0,0,189,34,0,0
0,0,0,0,710,34,3,3
0,0,0,0,48,14,3,2
0,0,0,0,83,10,0,0
0,0,0,0,168,2,0,0
0,0,0,0,792,14,2,3
0,0,0,0,394,34,3,3
0,0,0,0,108,42,0,0
0,0,0,0,521,15,2,0
0,0,0,0,739,16,3,2
0,0,0,0,575,37,2,3
0,0,0,0,62,10,0,0
0,0,0,0,568,43,3,2
0,0,0,0,196,12,3,3
0,0,0,0,390,35,2,3
0,0,0,0,605,43,2,2
0,0,0,0,536,56,1,1
0,0,0,0,308,23,1,1
0,0,0,0,445,43,0,0
0,0,0,0,563,14,0,0
0,0,0,0,226,21,3,2
0,0,0,0,391,103,3,3
0,0,0,0,289,2,2,2
0,0,0,0,550,14,0,2
0,0,0,0,443,55,1,0
0,0,0,0,642,34,1,0
0,0,0,0,118,20,3,2
0,0,0,0,102,50,1,1
0,0,0,0,243,23,1,1
0,0,0,0,697,15,2,2
0,0,0,0,306,31,0,1
0,0,0,0,165,13,1,0
0,0,0,0,797,58,2,3
0,0,0,0,9,16,2,0
0,0,0,0,26,49,3,3
0,0,0,0,565,34,3,2
0,0,0,0,719,43,0,0
0,0,0,0,576,76,0,0
0,0,0,0,469,47,1,1
0,0,0,0,722,23,0,1
0,0,0,0,281,16,0,0
0,0,0,0,799,61,2,2
0,0,0,0,359,55,3,2
0,0,0,0,712,9,3,3
0,0,0,0,703,13,1,0
0,0,0,0,201,37,2,2
0,0,0,0,387,54,1,1
0,0,0,0,516,13,3,3
0,0,0,0,402,15,1,1
0,0,0,0,206,61,3,3
0,0,0,0,344,85,3,2
0,0,0,0,475,23,0,0
0,0,0,0,257,48,1,0
0,0,0,0,71,35,2,2
0,0,0,0,158,47,3,2
0,0,0,0,49,76,2,2
0,0,0,0,256,1,1,1
0,0,0,0,600,41,1,1
0,0,0,0,286,55,2,2
0,0,0,0,717,22,3,3
0,0,0,0,215,37,0,0
0,0,0,0,90,77,0,1
0,0,0,0,287,90,0,0
0,0,0,0,283,90,0,0
0,0,0,0,473,20,1,1
0,0,0,0,697,14,2,2
0,0,0,0,250,39,3,3
0,0,0,0,351,16,3,3
0,0,0,0,604,34,3,3
0,0,0,0,375,21,2,2
0,0,0,0,269,53,0,0
0,0,0,0,204,59,1,1
0,0,0,0,566,62,2,3
0,0,0,0,463,35,0,1
0,0,0,0,55,35,2,2
0,0,0,0,204,16,0,1
0,0,0,0,3,17,1,1
0,0,0,0,531,41,2,3
0,0,0,0,544,3,0,0
0,0,0,0,485,53,2,2
0,0,0,0,366,1,3,3
0,0,0,0,350,27,1,1
0,0,0,0,91,5,1,1
0,0,0,0,639,12,3,3
0,0,0,0,653,11,2,3
0,0,0,0,255,36,2,2
0,0,0,0,619,43,1,1
0,0,0,0,500,14,2,2
0,0,0,0,779,94,0,1
0,0,0,0,36,51,3,3
0,0,0,0,602,80,2,2
0,0,0,0,314,11,0,0
0,0,0,0,136,25,0,1
0,0,0,0,98,8,2,2
0,0,0,0,393,27,0,0
0,0,0,0,493,3,1,1
0,0,0,0,767,28,0,1
0,0,0,0,673,47,1,0
0,0,0,0,657,17,3,3
0,0,0,0,383,10,0,1
0,0,0,0,576,65,0,0
0,0,0,0,134,58,2,3
0,0,0,0,29,68,3,3
0,0,0,0,592,31,2,2
0,0,0,0,371,41,0,0
0,0,0,0,313,3,2,3
0,0,0,0,432,31,2,2
0,0,0,0,314,28,0,0
0,0,0,0,505,17,1,1
0,0,0,0,141,35,3,3
0,0,0,0,419,9,3,3
0,0,0,0,369,85,0,2
0,0,0,0,65,34,3,3
0,0,0,0,171,2,2,2
0,0,0,0,260,9,2,2
0,0,0,0,772,25,1,1
0,0,0,0,540,31,2,3
0,0,0,0,629,41,3,2
0,0,0,0,652,16,0,0
0,0,0,0,163,41,2,3
0,0,0,0,668,35,3,3
0,0,0,0,495,5,2,2
0,0,0,0,22,35,1,3
0,0,0,0,17,21,3,3
0,0,0,0,326,35,3,2
0,0,0,0,544,13,0,0
0,0,0,0,536,36,1,1
0,0,0,0,316,20,1,1
0,0,0,0,219,61,0,1
0,0,0,0,677,13,1,1
0,0,0,0,646,35,3,3
0,0,0,0,245,47,3,3
0,0,0,0,334,26,2,3
0,0,0,0,5,34,3,3
0,0,0,0,740,20,1,1
0,0,0,0,320,43,3,3
0,0,0,0,167,39,0,0
0,0,0,0,367,63,0,1
0,0,0,0,724,10,2,2
0,0,0,0,734,31,0,0
0,0,0,0,684,8,0,0
0,0,0,0,432,22,2,2
0,0,0,0,438,54,3,3
0,0,0,0,638,20,2,2
0,0,0,0,694,9,3,3
0,0,0,0,33,3,0,0
0,0,0,0,525,65,1,1
0,0,0,0,136,37,1,1
0,0,0,0,553,44,2,2
0,0,0,0,16,60,0,0
0,0,0,0,257,52,0,0
0,0,0,0,540,3,2,3
0,0,0,0,689,20,2,3
0,0,0,0,756,10,0,0
0,0,0,0,129,8,2,2
0,0,0,0,52,39,2,2
0,0,0,0,705,1,3,2
0,0,0,0,784,31,3,3
0,0,0,0,626,29,2,3
0,0,0,0,181,16,3,3
0,0,0,0,500,28,2,2
0,0,0,0,25,22,3,2
0,0,0,0,519,55,2,2
0,0,0,0,326,13,3,2
0,0,0,0,125,22,2,0
0,0,0,0,655,13,0,0
0,0,0,0,458,42,0,0
0,0,0,0,437,31,2,3
0,0,0,0,189,6,0,0
0,0,0,0,673,9,1,0
0,0,0,0,158,13,3,2
0,0,0,0,533,13,3,3
0,0,0,0,75,5,3,3
0,0,0,0,294,45,2,2
0,0,0,0,6,25,2,2
0,0,0,0,295,16,1,0
0,0,0,0,261,41,1,1
0,0,0,0,534,61,0,0
0,0,0,0,636,35,3,3
0,0,0,0,613,4,0,0
0,0,0,0,43,48,3,3
0,0,0,0,633,39,3,3
0,0,0,0,353,70,3,2
0,0,0,0,594,29,0,0
0,0,0,0,165,35,0,0
0,0,0,0,421,43,3,3
0,0,0,0,473,13,1,1
0,0,0,0,564,29,2,2
0,0,0,0,347,10,0,1
0,0,0,0,125,30,0,0
0,0,0,0,567,9,1,1
0,0,0,0,475,90,0,0
0,0,0,0,9,35,0,0
0,0,0,0,103,62,1,1
0,0,0,0,541,4,2,2
0,0,0,0,74,22,1,1
0,0,0,0,321,16,0,0
0,0,0,0,552,55,0,0
0,0,0,0,629,62,2,2
0,0,0,0,556,13,2,2
0,0,0,0,37,40,3,3
0,0,0,0,760,60,0,1
0,0,0,0,258,55,3,3
0,0,0,0,776,11,0,1
0,0,0,0,650,2,3,2
0,0,0,0,631,9,2,2
0,0,0,0,508,34,3,2
0,0,0,0,254,6,3,3
0,0,0,0,541,13,2,2
0,0,0,0,693,31,1,0
0,0,0,0,509,20,3,3
0,0,0,0,805,41,0,2
0,0,0,0,293,4,2,3
0,0,0,0,285,63,1,0
0,0,0,0,21,43,3,2
0,0,0,0,689,16,3,3
0,0,0,0,473,36,1,1
0,0,0,0,719,9,0,0
0,0,0,0,360,47,0,0
0,0,0,0,376,16,0,0
0,0,0,0,132,55,1,1
0,0,0,0,597,27,2,2
0,0,0,0,395,13,1,1
0,0,0,0,806,34,3,3
0,0,0,0,802,21,0,1
0,0,0,0,204,13,1,1
0,0,0,0,137,35,3,3
0,0,0,0,293,41,3,3
0,0,0,0,100,56,1,0
0,0,0,0,540,9,3,3
0,0,0,0,585,15,3,2
0,0,0,0,807,20,0,0
0,0,0,0,491,14,3,3
0,0,0,0,798,55,0,0
0,0,0,0,768,50,2,2
0,0,0,0,360,35,0,0
0,0,0,0,85,27,1,1
0,0,0,0,625,15,2,2
0,0,0,0,535,50,2,3
0,0,0,0,250,43,3,3
0,0,0,0,265,40,3,3
0,0,0,0,51,40,3,2
0,0,0,0,119,37,0,0
0,0,0,0,595,13,3,3
0,0,0,0,352,31,0,1
0,0,0,0,741,42,0,0
0,0,0,0,350,59,1,1
0,0,0,0,733,54,0,0
0,0,0,0,232,63,3,3
0,0,0,0,222,10,2,2
0,0,0,0,149,20,2,3
0,0,0,0,233,77,1,1
0,0,0,0,297,40,2,2
0,0,0,0,172,31,2,2
0,0,0,0,292,99,3,2
0,0,0,0,48,35,2,2
0,0,0,0,459,6,2,2
0,0,0,0,441,9,2,3
0,0,0,0,410,13,0,0
0,0,0,0,115,3,2,2
0,0,0,0,129,16,2,2
0,0,0,0,745,9,3,3
0,0,0,0,368,19,1,0
0,0,0,0,139,15,2,3
0,0,0,0,100,34,0,0
0,0,0,0,52,56,2,2
0,0,0,0,453,7,2,3
0,0,0,0,182,35,0,3
0,0,0,0,569,43,2,2
0,0,0,0,503,89,3,3
0,0,0,0,548,13,3,2
0,0,0,0,696,73,0,0
0,0,0,0,234,63,0,1
0,0,0,0,66,68,2,3
0,0,0,0,624,40,1,1
0,0,0,0,573,41,0,3
0,0,0,0,354,62,1,1
0,0,0,0,602,49,2,2
0,0,0,0,694,13,3,3
0,0,0,0,537,66,2,3
0,0,0,0,159,16,0,1
0,0,0,0,350,35,3,1
0,0,0,0,550,9,2,2
0,0,0,0,323,27,2,2
0,0,0,0,461,39,2,3
0,0,0,0,620,37,1,0
0,0,0,0,326,18,2,2
0,0,0,0,247,43,2,2
0,0,0,0,45,31,1,0
0,0,0,0,547,6,3,3
0,0,0,0,674,25,3,3
0,0,0,0,176,35,1,1
0,0,0,0,52,11,2,2
0,0,0,0,170,50,1,1
0,0,0,0,728,55,0,0
0,0,0,0,558,22,3,3
0,0,0,0,5,20,2,3
0,0,0,0,412,69,3,3
0,0,0,0,110,56,2,2
0,0,0,0,619,53,0,1
0,0,0,0,240,13,3,2
0,0,0,0,753,9,0,0
0,0,0,0,372,67,2,3
0,0,0,0,265,47,3,3
0,0,0,0,301,10,3,3
0,0,0,0,656,20,2,3
0,0,0,0,80,9,1,1
0,0,0,0,256,53,0,1
0,0,0,0,546,16,3,2
0,0,0,0,689,35,3,3
0,0,0,0,93,61,3,2
0,0,0,0,561,39,1,1
0,0,0,0,380,37,0,0
0,0,0,0,671,5,2,2
0,0,0,0,798,31,0,0
0,0,0,0,190,9,2,3
0,0,0,0,323,37,2,2
0,0,0,0,453,70,3,3
0,0,0,0,474,9,1,0
0,0,0,0,77,28,3,3
0,0,0,0,202,51,3,2
0,0,0,0,397,35,3,2
0,0,0,0,585,29,2,2
0,0,0,0,450,10,3,3
0,0,0,0,600,61,0,1
0,0,0,0,195,94,3,3
0,0,0,0,357,40,0,0
0,0,0,0,96,35,3,2
0,0,0,0,16,50,0,0
0,0,0,0,543,5,1,0
0,0,0,0,299,35,1,0
0,0,0,0,359,97,3,2
0,0,0,0,578,8,2,3
0,0,0,0,228,19,2,2
0,0,0,0,504,34,0,0
0,0,0,0,119,35,0,0
0,0,0,0,197,23,3,3
0,0,0,0,769,3,2,3
0,0,0,0,241,13,1,0
0,0,0,0,103,13,1,1
0,0,0,0,682,58,1,1
0,0,0,0,313,6,2,3
0,0,0,0,651,62,2,3
0,0,0,0,101,36,2,2
0,0,0,0,85,9,1,1
0,0,0,0,355,5,3,3
0,0,0,0,342,34,3,3
0,0,0,0,740,21,1,1
0,0,0,0,649,41,2,3
0,0,0,0,356,73,0,0
0,0,0,0,728,58,0,0
0,0,0,0,449,23,3,3
0,0,0,0,582,16,1,1
0,0,0,0,283,13,0,0
0,0,0,0,249,17,0,1
0,0,0,0,748,11,0,0
0,0,0,0,178,23,3,3
0,0,0,0,703,28,1,0
0,0,0,0,139,42,3,3
0,0,0,0,295,61,1,0
0,0,0,0,657,16,3,3
0,0,0,0,649,16,3,3
0,0,0,0,760,9,1,1
0,0,0,0,803,21,2,2
0,0,0,0,333,42,0,0
0,0,0,0,36,16,3,3
0,0,0,0,83,20,0,0
0,0,0,0,102,1,1,1
0,0,0,0,212,78,1,1
0,0,0,0,716,3,1,1
0,0,0,0,171,61,2,2
0,0,0,0,408,37,1,1
0,0,0,0,159,23,0,1
0,0,0,0,119,12,0,0
0,0,0,0,704,21,3,3
0,0,0,0,71,55,2,2
0,0,0,0,235,10,3,2
0,0,0,0,198,25,2,2
0,0,0,0,508,25,3,2
0,0,0,0,735,58,2,2
0,0,0,0,230,9,0,1
0,0,0,0,32,31,1,1
0,0,0,0,517,43,3,3
0,0,0,0,482,43,3,3
0,0,0,0,532,23,3,3
0,0,0,0,609,43,0,0
0,0,0,0,572,31,1,1
0,0,0,0,555,22,2,2
0,0,0,0,225,5,0,0
0,0,0,0,524,21,2,3
0,0,0,0,798,11,0,0
0,0,0,0,455,22,2,3
0,0,0,0,568,61,3,2
0,0,0,0,105,22,1,1
0,0,0,0,48,47,2,2
0,0,0,0,380,43,0,0
0,0,0,0,498,3,2,2
0,0,0,0,347,47,1,1
0,0,0,0,488,15,0,0
0,0,0,0,334,20,3,3
0,0,0,0,754,31,0,0
0,0,0,0,790,9,0,0
0,0,0,0,479,31,3,3
0,0,0,0,168,9,0,0
0,0,0,0,311,28,2,3
0,0,0,0,218,14,2,2
0,0,0,0,759,60,1,1
0,0,0,0,38,31,2,2
0,0,0,0,444,23,1,1
0,0,0,0,552,22,0,0
0,0,0,0,517,26,2,3
0,0,0,0,288,22,0,0
0,0,0,0,600,4,1,1
0,0,0,0,229,40,0,0
0,0,0,0,652,9,0,0
0,0,0,0,150,16,2,3
0,0,0,0,228,55,3,2
0,0,0,0,147,37,2,3
0,0,0,0,456,60,2,2
0,0,0,0,602,11,2,2
0,0,0,0,274,16,2,2
0,0,0,0,633,10,3,3
0,0,0,0,343,28,1,1
0,0,0,0,543,54,0,0
0,0,0,0,606,36,1,1
0,0,0,0,285,56,1,0
0,0,0,0,13,12,3,3
0,0,0,0,780,61,2,2
0,0,0,0,34,53,0,0
0,0,0,0,748,20,0,0
0,0,0,0,276,31,3,2
0,0,0,0,767,29,1,1
0,0,0,0,73,37,1,1
0,0,0,0,776,21,0,1
0,0,0,0,151,15,3,3
0,0,0,0,480,43,0,0
0,0,0,0,747,88,1,1
0,0,0,0,477,9,0,0
0,0,0,0,489,63,2,2
0,0,0,0,445,3,3,0
0,0,0,0,455,20,2,3
0,0,0,0,569,10,2,2
0,0,0,0,340,81,0,1
0,0,0,0,531,23,3,3
0,0,0,0,565,6,3,2
0,0,0,0,1,5,3,3
0,0,0,0,450,13,3,3
0,0,0,0,389,16,2,2
0,0,0,0,617,1,3,2
0,0,0,0,127,8,3,3
0,0,0,0,128,13,3,3
0,0,0,0,590,1,0,0
0,0,0,0,749,66,3,2
0,0,0,0,169,21,1,1
0,0,0,0,618,56,1,1
0,0,0,0,154,20,0,0
0,0,0,0,415,6,2,2
0,0,0,0,581,37,2,2
0,0,0,0,184,12,3,3
0,0,0,0,234,9,1,1
0,0,0,0,491,9,2,3
0,0,0,0,165,47,0,0
0,0,0,0,492,3,2,2
0,0,0,0,164,29,2,3
0,0,0,0,578,43,3,3
0,0,0,0,295,56,1,0
0,0,0,0,766,34,0,0
0,0,0,0,697,58,2,2
0,0,0,0,468,42,3,2
0,0,0,0,575,20,2,3
0,0,0,0,535,5,3,3
0,0,0,0,698,59,0,0
0,0,0,0,315,61,0,0
0,0,0,0,512,94,1,0
0,0,0,0,559,76,1,1
0,0,0,0,242,43,3,2
0,0,0,0,409,34,1,1
0,0,0,0,7,42,1,0
0,0,0,0,3,21,1,1
0,0,0,0,60,50,3,2
0,0,0,0,188,16,0,0
0,0,0,0,169,2,0,1
0,0,0,0,544,43,0,0
0,0,0,0,39,72,3,3
0,0,0,0,294,28,3,2
0,0,0,0,426,1,1,1
0,0,0,0,775,55,2,2
0,0,0,0,366,4,3,3
0,0,0,0,552,31,0,0
0,0,0,0,392,72,1,1
0,0,0,0,547,44,3,3
0,0,0,0,788,43,3,2
0,0,0,0,342,47,3,3
0,0,0,0,706,53,0,0
0,0,0,0,225,14,1,0
0,0,0,0,296,63,1,0
0,0,0,0,77,50,2,3
0,0,0,0,725,34,2,2
0,0,0,0,238,31,2,2
0,0,0,0,605,25,2,2
0,0,0,0,115,54,2,2
0,0,0,0,452,28,2,2
0,0,0,0,501,56,0,0
0,0,0,0,78,9,3,3
0,0,0,0,519,35,2,2
0,0,0,0,595,58,2,3
0,0,0,0,110,3,2,2
0,0,0,0,649,73,3,3
0,0,0,0,390,9,3,3
0,0,0,0,225,37,0,0
0,0,0,0,625,3,2,2
0,0,0,0,509,9,3,3
0,0,0,0,800,13,3,3
0,0,0,0,373,40,2,2
0,0,0,0,421,22,3,3
0,0,0,0,398,1,1,1
0,0,0,0,344,4,3,2
0,0,0,0,763,16,0,1
0,0,0,0,243,6,1,1
0,0,0,0,143,31,0,0
0,0,0,0,74,35,1,1
0,0,0,0,701,47,3,2
0,0,0,0,633,22,3,3
0,0,0,0,92,9,0,0
0,0,0,0,619,51,1,1
0,0,0,0,649,42,3,3
0,0,0,0,452,16,2,2
0,0,0,0,528,12,3,3
0,0,0,0,498,27,2,2
0,0,0,0,768,9,3,2
0,0,0,0,754,19,0,0
0,0,0,0,694,20,2,3
0,0,0,0,529,20,3,2
0,0,0,0,778,34,0,1
0,0,0,0,466,20,0,0
0,0,0,0,551,8,0,0
0,0,0,0,755,3,3,3
0,0,0,0,489,50,2,2
0,0,0,0,720,73,0,1
0,0,0,0,716,20,1,1
0,0,0,0,237,2,1,1
0,0,0,0,520,31,0,0
0,0,0,0,742,29,2,2
0,0,0,0,726,54,3,3
0,0,0,0,477,43,0,0
0,0,0,0,338,41,0,0
0,0,0,0,111,10,3,3
0,0,0,0,379,28,3,2
0,0,0,0,68,36,0,0
0,0,0,0,445,25,0,0
0,0,0,0,537,20,3,3
0,0,0,0,418,50,2,3
0,0,0,0,595,32,3,3
0,0,0,0,717,53,2,3
0,0,0,0,576,56,0,0
0,0,0,0,8,47,0,0
0,0,0,0,765,35,3,2
0,0,0,0,668,22,2,3
0,0,0,0,411,58,0,1
0,0,0,0,779,20,1,1
0,0,0,0,121,13,1,0
0,0,0,0,220,3,0,0
0,0,0,0,232,49,2,3
0,0,0,0,343,3,1,1
0,0,0,0,587,9,1,1
0,0,0,0,481,55,1,1
0,0,0,0,93,53,3,2
0,0,0,0,249,16,0,1
0,0,0,0,112,21,0,0
0,0,0,0,53,17,0,1
0,0,0,0,586,12,1,0
0,0,0,0,306,65,0,1
0,0,0,0,377,13,3,2
0,0,0,0,477,41,0,0
0,0,0,0,643,12,0,1
0,0,0,0,82,22,2,2
0,0,0,0,136,5,0,1
0,0,0,0,340,53,0,1
0,0,0,0,18,13,1,1
0,0,0,0,217,9,1,1
0,0,0,0,144,23,1,1
0,0,0,0,613,22,0,0
0,0,0,0,515,13,2,1
0,0,0,0,65,1,3,3
0,0,0,0,193,3,3,3
0,0,0,0,77,11,2,3
0,0,0,0,681,51,0,0
0,0,0,0,180,60,3,3
0,0,0,0,398,40,1,1
0,0,0,0,128,35,3,3
0,0,0,0,292,21,2,2
0,0,0,0,322,61,3,3
0,0,0,0,581,47,2,2
0,0,0,0,432,2,3,2
0,0,0,0,350,13,0,1
0,0,0,0,485,11,2,2
0,0,0,0,406,61,1,1
0,0,0,0,429,11,2,2
0,0,0,0,393,2,1,0
0,0,0,0,587,37,1,1
0,0,0,0,779,43,0,1
0,0,0,0,430,20,3,2
0,0,0,0,597,22,2,2
0,0,0,0,702,21,2,3
0,0,0,0,647,39,0,0
0,0,0,0,571,55,2,2
0,0,0,0,332,9,2,2
0,0,0,0,372,3,3,3
0,0,0,0,114,22,2,2
0,0,0,0,263,62,1,0
0,0,0,0,763,20,1,1
0,0,0,0,522,66,0,2
0,0,0,0,111,35,2,3
0,0,0,0,377,42,3,2
0,0,0,0,431,77,3,3
0,0,0,0,282,9,3,1
0,0,0,0,102,28,1,1
0,0,0,0,38,3,2,2
0,0,0,0,312,47,2,3
0,0,0,0,473,8,1,1
0,0,0,0,306,51,0,1
0,0,0,0,461,54,2,3
0,0,0,0,300,3,0,1
0,0,0,0,117,6,3,2
0,0,0,0,643,9,0,1
0,0,0,0,581,56,3,2
0,0,0,0,18,61,1,1
0,0,0,0,252,22,3,2
0,0,0,0,170,3,2,1
0,0,0,0,595,50,2,3
0,0,0,0,191,9,1,1
0,0,0,0,254,24,3,3
0,0,0,0,573,43,3,3
0,0,0,0,83,11,0,0
0,0,0,0,341,69,3,3
0,0,0,0,201,28,3,2
0,0,0,0,589,21,1,1
0,0,0,0,251,60,1,1
0,0,0,0,582,10,1,1
0,0,0,0,14,12,1,1
0,0,0,0,224,17,0,0
0,0,0,0,302,34,0,0
0,0,0,0,48,3,2,2
0,0,0,0,154,34,0,0
0,0,0,0,198,37,2,2
0,0,0,0,203,70,3,2
0,0,0,0,290,1,1,1
0,0,0,0,792,42,3,3
0,0,0,0,465,13,3,2
0,0,0,0,586,18,0,0
0,0,0,0,173,20,1,1
0,0,0,0,32,35,0,1
0,0,0,0,134,16,3,3
0,0,0,0,641,21,3,2
0,0,0,0,719,31,1,0
0,0,0,0,752,42,0,0
0,0,0,0,724,66,2,2
0,0,0,0,565,50,3,2
0,0,0,0,456,15,2,2
0,0,0,0,130,42,0,1
0,0,0,0,453,12,3,3
0,0,0,0,512,5,1,0
0,0,0,0,209,41,2,2
0,0,0,0,416,5,2,3
0,0,0,0,619,21,1,1
0,0,0,0,646,37,2,3
0,0,0,0,746,9,2,3
0,0,0,0,176,4,1,1
0,0,0,0,572,26,2,1
0,0,0,0,792,61,2,3
0,0,0,0,320,75,3,3
0,0,0,0,426,54,0,1
0,0,0,0,139,66,3,3
0,0,0,0,634,28,0,0
0,0,0,0,178,94,3,3
0,0,0,0,230,21,0,1
0,0,0,0,173,43,1,1
0,0,0,0,300,22,1,1
0,0,0,0,280,48,3,3
0,0,0,0,211,19,0,0
0,0,0,0,640,5,1,0
0,0,0,0,279,43,1,1
0,0,0,0,303,16,0,3
0,0,0,0,470,3,2,3
0,0,0,0,154,56,1,0
0,0,0,0,169,39,0,1
0,0,0,0,548,53,3,2
0,0,0,0,232,1,3,3
0,0,0,0,594,7,0,0
0,0,0,0,674,37,2,3
0,0,0,0,202,1,2,2
0,0,0,0,152,3,1,1
0,0,0,0,556,66,2,2
0,0,0,0,480,45,0,0
0,0,0,0,119,32,1,0
0,0,0,0,442,9,2,3
0,0,0,0,371,54,0,0
0,0,0,0,529,17,3,2
0,0,0,0,305,15,1,1
0,0,0,0,533,37,2,3
0,0,0,0,789,28,3,3
0,0,0,0,586,40,0,0
0,0,0,0,529,1,3,2
0,0,0,0,769,60,3,3
0,0,0,0,686,43,0,0
0,0,0,0,192,55,3,3
0,0,0,0,560,13,1,1
0,0,0,0,786,35,0,0
0,0,0,0,649,43,2,3
0,0,0,0,462,9,3,3
0,0,0,0,266,15,1,1
0,0,0,0,601,9,2,1
0,0,0,0,412,20,3,3
0,0,0,0,196,60,3,3
0,0,0,0,696,37,1,0
0,0,0,0,397,63,2,2
0,0,0,0,793,22,3,2
0,0,0,0,639,22,3,3
0,0,0,0,346,54,3,2
0,0,0,0,268,27,2,2
0,0,0,0,662,3,2,2
0,0,0,0,550,47,2,2
0,0,0,0,392,19,1,1
0,0,0,0,510,15,3,3
0,0,0,0,536,20,1,1
0,0,0,0,487,3,2,3
0,0,0,0,345,97,0,1
0,0,0,0,763,66,1,1
0,0,0,0,227,20,2,3
0,0,0,0,190,68,2,3
0,0,0,0,11,54,1,0
0,0,0,0,47,49,0,1
0,0,0,0,110,55,2,2
0,0,0,0,358,9,3,3
0,0,0,0,262,62,2,2
0,0,0,0,2,16,2,2
0,0,0,0,623,3,1,0
0,0,0,0,687,40,3,3
0,0,0,0,356,35,0,0
0,0,0,0,387,27,1,1
0,0,0,0,155,10,3,2
0,0,0,0,522,27,2,2
0,0,0,0,416,21,3,3
0,0,0,0,412,48,3,3
0,0,0,0,308,72,0,1
0,0,0,0,152,37,1,1
0,0,0,0,263,41,1,0
0,0,0,0,454,13,3,2
0,0,0,0,55,12,3,2
0,0,0,0,400,10,2,2
0,0,0,0,776,3,1,1
0,0,0,0,316,19,1,1
0,0,0,0,661,65,0,1
0,0,0,0,587,13,0,1
0,0,0,0,683,35,3,2
0,0,0,0,69,35,2,2
0,0,0,0,89,16,0,0
0,0,0,0,712,28,3,3
0,0,0,0,744,43,2,2
0,0,0,0,615,43,0,0
0,0,0,0,65,36,3,3
0,0,0,0,804,12,3,2
0,0,0,0,164,41,3,3
0,0,0,0,500,5,2,2
0,0,0,0,527,3,3,3
0,0,0,0,622,20,2,2
0,0,0,0,381,3,1,3
0,0,0,0,737,31,0,1
0,0,0,0,407,56,0,1
0,0,0,0,512,55,1,0
0,0,0,0,582,43,1,1
0,0,0,0,408,11,1,1
0,0,0,0,261,52,1,1
0,0,0,0,395,3,0,1
0,0,0,0,615,1,0,0
0,0,0,0,125,28,2,0
0,0,0,0,430,83,2,2
0,0,0,0,337,2,3,3
0,0,0,0,230,42,1,1
0,0,0,0,710,43,3,3
0,0,0,0,26,58,2,3
0,0,0,0,70,66,2,2
0,0,0,0,792,20,3,3
0,0,0,0,264,21,1,1
0,0,0,0,396,42,1,0
0,0,0,0,607,20,1,0
0,0,0,0,675,45,3,3
0,0,0,0,237,33,0,1
0,0,0,0,276,20,2,2
0,0,0,0,441,37,2,3
0,0,0,0,539,45,1,1
0,0,0,0,195,30,3,3
0,0,0,0,653,21,3,3
0,0,0,0,73,53,1,1
0,0,0,0,655,3,1,0
0,0,0,0,311,9,3,3
0,0,0,0,599,16,0,0
0,0,0,0,429,22,2,2
0,0,0,0,204,41,1,1
0,0,0,0,324,88,3,3
0,0,0,0,358,2,3,3
0,0,0,0,301,13,3,3
0,0,0,0,669,29,2,2
0,0,0,0,42,40,0,0
0,0,0,0,316,16,0,1
0,0,0,0,591,13,1,1
0,0,0,0,350,25,0,1
0,0,0,0,13,14,2,3
0,0,0,0,663,20,1,1
0,0,0,0,294,15,3,2
0,0,0,0,545,22,0,1
0,0,0,0,551,42,1,0
0,0,0,0,644,13,0,1
0,0,0,0,607,17,1,0
0,0,0,0,448,3,2,2
0,0,0,0,240,23,3,2
0,0,0,0,646,45,2,3
0,0,0,0,451,1,3,3
0,0,0,0,686,13,0,0
0,0,0,0,508,16,3,2
0,0,0,0,399,20,0,0
0,0,0,0,141,9,2,3
0,0,0,0,788,55,3,2
0,0,0,0,343,1,1,1
0,0,0,0,53,16,0,1
0,0,0,0,676,43,2,2
0,0,0,0,640,13,0,0
0,0,0,0,388,2,1,1
0,0,0,0,766,73,1,0
0,0,0,0,401,3,2,3
0,0,0,0,62,34,0,0
0,0,0,0,170,93,0,1
0,0,0,0,78,43,3,3
0,0,0,0,623,23,0,0
0,0,0,0,55,78,3,2
0,0,0,0,549,23,3,2
0,0,0,0,290,16,0,1
0,0,0,0,660,30,2,2
0,0,0,0,455,15,2,3
0,0,0,0,770,21,3,3
0,0,0,0,123,52,2,2
0,0,0,0,146,37,1,1
0,0,0,0,600,39,1,1
0,0,0,0,354,15,1,1
0,0,0,0,265,37,2,3
0,0,0,0,282,37,1,1
0,0,0,0,533,10,3,3
0,0,0,0,636,13,3,3
0,0,0,0,193,9,2,3
0,0,0,0,317,10,3,3
0,0,0,0,467,13,2,2
0,0,0,0,4,28,0,0
0,0,0,0,701,40,3,2
0,0,0,0,185,25,3,3
0,0,0,0,217,2,1,1
0,0,0,0,415,62,2,2
0,0,0,0,762,43,3,3
0,0,0,0,55,77,3,2
0,0,0,0,542,19,2,2
0,0,0,0,605,22,2,2
0,0,0,0,123,16,2,2
0,0,0,0,632,13,3,3
0,0,0,0,706,43,0,0
0,0,0,0,668,19,2,3
0,0,0,0,670,29,2,2
0,0,0,0,493,17,1,1
0,0,0,0,628,8,0,0
0,0,0,0,712,35,3,3
0,0,0,0,534,9,0,0
0,0,0,0,205,35,1,0
0,0,0,0,353,31,3,2
0,0,0,0,237,35,1,1
0,0,0,0,214,17,0,1
0,0,0,0,556,25,2,2
0,0,0,0,51,58,2,2
0,0,0,0,504,37,0,0
0,0,0,0,476,22,1,0
0,0,0,0,546,12,2,2
0,0,0,0,195,36,3,3
0,0,0,0,650,17,2,2
0,0,0,0,440,58,1,0
0,0,0,0,534,31,0,0
0,0,0,0,727,11,3,3
0,0,0,0,440,13,3,0
0,0,0,0,164,1,3,3
0,0,0,0,256,35,0,1
0,0,0,0,528,41,3,3
0,0,0,0,309,3,0,0
0,0,0,0,43,56,3,3
0,0,0,0,738,3,2,3
0,0,0,0,281,15,0,0
0,0,0,0,351,40,3,3
0,0,0,0,486,90,2,2
0,0,0,0,591,73,1,1
0,0,0,0,684,35,0,0
0,0,0,0,577,10,2,2
0,0,0,0,57,43,3,3
0,0,0,0,273,43,3,3
0,0,0,0,123,3,2,2
0,0,0,0,284,52,1,1
0,0,0,0,339,35,2,2
0,0,0,0,162,31,0,1
0,0,0,0,616,13,0,0
0,0,0,0,470,29,2,3
0,0,0,0,592,9,2,2
0,0,0,0,706,9,2,0
0,0,0,0,591,3,0,1
0,0,0,0,274,23,2,2
0,0,0,0,210,2,3,2
0,0,0,0,374,3,1,1
0,0,0,0,729,20,1,1
0,0,0,0,183,29,2,3
0,0,0,0,524,1,2,3
0,0,0,0,149,43,2,3
0,0,0,0,310,63,1,1
0,0,0,0,238,35,3,2
0,0,0,0,272,48,2,3
0,0,0,0,567,60,1,1
0,0,0,0,664,21,2,2
0,0,0,0,356,13,1,0
0,0,0,0,705,34,3,2
0,0,0,0,58,20,3,3
0,0,0,0,602,13,2,2
0,0,0,0,668,40,3,3
0,0,0,0,218,31,3,2
0,0,0,0,714,43,1,1
0,0,0,0,434,25,0,1
0,0,0,0,614,65,2,2
0,0,0,0,523,37,0,0
0,0,0,0,34,15,0,0
0,0,0,0,334,2,3,3
0,0,0,0,650,3,2,2
0,0,0,0,744,54,2,2
0,0,0,0,673,13,1,0
0,0,0,0,709,21,1,1
0,0,0,0,511,5,0,0
0,0,0,0,771,61,2,2
0,0,0,0,91,35,1,1
0,0,0,0,272,28,3,3
0,0,0,0,122,47,2,2
0,0,0,0,527,5,3,3
0,0,0,0,337,8,3,3
0,0,0,0,124,9,3,2
0,0,0,0,215,61,1,0
0,0,0,0,408,56,1,1
0,0,0,0,448,35,2,2
0,0,0,0,145,13,0,0
0,0,0,0,263,16,0,0
0,0,0,0,71,47,2,2
0,0,0,0,436,2,3,3
0,0,0,0,457,54,2,3
0,0,0,0,513,25,0,0
0,0,0,0,165,12,0,0
0,0,0,0,420,63,1,1
0,0,0,0,589,55,1,1
0,0,0,0,664,40,2,2
0,0,0,0,94,10,3,3
0,0,0,0,554,3,2,2
0,0,0,0,179,48,2,2
0,0,0,0,701,41,3,2
0,0,0,0,652,2,1,0
0,0,0,0,54,28,0,0
0,0,0,0,660,31,2,2
0,0,0,0,167,3,0,0
0,0,0,0,280,5,2,3
0,0,0,0,264,52,1,1
0,0,0,0,777,16,2,3
0,0,0,0,775,107,3,2
0,0,0,0,239,95,1,1
0,0,0,0,155,4,3,2
0,0,0,0,45,10,0,0
0,0,0,0,206,5,3,3
0,0,0,0,27,25,3,3
0,0,0,0,451,94,3,3
0,0,0,0,767,34,1,1
0,0,0,0,662,39,2,2
0,0,0,0,150,35,3,3
0,0,0,0,86,73,0,0
0,0,0,0,566,20,2,3
0,0,0,0,216,13,0,0
0,0,0,0,798,109,0,0
0,0,0,0,747,35,0,1
0,0,0,0,296,42,1,0
0,0,0,0,147,3,3,3
0,0,0,0,572,56,0,1
0,0,0,0,315,15,0,0
0,0,0,0,217,63,1,1
0,0,0,0,442,82,2,3
0,0,0,0,491,43,3,3
0,0,0,0,545,34,0,1
0,0,0,0,101,23,2,2
0,0,0,0,234,43,1,1
0,0,0,0,752,9,2,0
0,0,0,0,731,25,3,3
0,0,0,0,480,20,1,0
0,0,0,0,153,10,2,2
0,0,0,0,790,41,0,0
0,0,0,0,538,61,2,3
0,0,0,0,493,47,1,1
0,0,0,0,391,10,3,3
0,0,0,0,454,20,2,2
0,0,0,0,709,28,0,1
0,0,0,0,796,9,3,3
0,0,0,0,805,88,2,2
0,0,0,0,550,39,2,2
0,0,0,0,698,25,1,0
0,0,0,0,542,54,2,2
0,0,0,0,360,18,2,0
0,0,0,0,186,10,3,2
0,0,0,0,405,40,2,2
0,0,0,0,573,5,3,3
0,0,0,0,364,20,3,3
0,0,0,0,720,7,1,1
0,0,0,0,529,31,3,2
0,0,0,0,284,60,0,1
0,0,0,0,49,3,2,2
0,0,0,0,627,43,2,2
0,0,0,0,420,10,0,1
0,0,0,0,773,22,3,3
0,0,0,0,245,44,3,3
0,0,0,0,618,19,1,1
0,0,0,0,612,44,0,0
0,0,0,0,235,12,2,2
0,0,0,0,743,43,3,3
0,0,0,0,624,31,1,1
0,0,0,0,291,88,3,3
0,0,0,0,543,9,0,0
0,0,0,0,376,52,1,0
0,0,0,0,220,61,0,0
0,0,0,0,662,36,2,2
0,0,0,0,345,23,1,1
0,0,0,0,803,35,3,2
0,0,0,0,663,59,1,1
0,0,0,0,569,34,2,2
0,0,0,0,188,28,0,0
0,0,0,0,604,80,2,3
0,0,0,0,795,45,1,1
0,0,0,0,112,11,0,0
0,0,0,0,414,13,3,3
0,0,0,0,193,60,3,3
0,0,0,0,387,20,1,1
0,0,0,0,61,63,3,3
0,0,0,0,387,47,1,1
0,0,0,0,12,10,0,1
0,0,0,0,611,11,3,3
0,0,0,0,171,35,2,2
0,0,0,0,551,27,0,0
0,0,0,0,696,13,0,0
0,0,0,0,151,68,3,3
0,0,0,0,338,15,3,0
0,0,0,0,232,29,2,3
0,0,0,0,337,13,3,3
0,0,0,0,765,40,2,2
0,0,0,0,19,34,0,1
0,0,0,0,61,40,3,3
0,0,0,0,212,47,1,1
0,0,0,0,76,15,3,3
0,0,0,0,82,20,2,2
0,0,0,0,270,81,3,3
0,0,0,0,47,11,1,1
0,0,0,0,540,12,3,3
0,0,0,0,116,35,2,3
0,0,0,0,149,12,3,3
0,0,0,0,301,3,2,3
0,0,0,0,656,61,2,3
0,0,0,0,411,19,1,1
0,0,0,0,233,20,1,1
0,0,0,0,593,3,1,1
0,0,0,0,9,51,1,0
0,0,0,0,142,52,2,2
0,0,0,0,595,59,2,3
0,0,0,0,606,54,1,1
0,0,0,0,468,41,3,2
0,0,0,0,396,16,0,0
0,0,0,0,253,13,3,2
0,0,0,0,563,6,0,0
0,0,0,0,495,61,2,2
0,0,0,0,406,50,1,1
0,0,0,0,523,23,0,0
0,0,0,0,194,12,0,0
0,0,0,0,794,9,3,3
0,0,0,0,801,16,3,2
0,0,0,0,729,54,1,1
0,0,0,0,594,22,0,0
0,0,0,0,339,3,2,2
0,0,0,0,783,47,3,2
0,0,0,0,776,16,1,1
0,0,0,0,36,39,3,3
0,0,0,0,124,19,3,2
0,0,0,0,30,5,1,1
0,0,0,0,382,9,3,3
0,0,0,0,78,30,2,3
0,0,0,0,354,32,0,1
0,0,0,0,357,25,1,0
0,0,0,0,209,61,3,2
0,0,0,0,327,35,0,0
0,0,0,0,345,16,0,1
0,0,0,0,763,10,1,1
0,0,0,0,494,31,2,3
0,0,0,0,335,21,0,0
0,0,0,0,531,20,3,3
0,0,0,0,467,4,2,2
0,0,0,0,273,7,0,3
0,0,0,0,411,25,0,1
0,0,0,0,673,31,1,0
0,0,0,0,88,21,1,1
0,0,0,0,687,16,3,3
0,0,0,0,441,73,0,3
0,0,0,0,571,34,2,2
0,0,0,0,671,13,2,2
0,0,0,0,404,90,3,3
0,0,0,0,122,28,2,2
0,0,0,0,750,107,1,1
0,0,0,0,289,40,2,2
0,0,0,0,806,20,3,3
0,0,0,0,513,43,1,0
0,0,0,0,45,16,1,0
0,0,0,0,323,39,3,2
0,0,0,0,181,10,3,3
0,0,0,0,52,13,2,2
0,0,0,0,85,11,1,1
0,0,0,0,328,34,3,3
0,0,0,0,83,13,1,0
0,0,0,0,138,29,0,2
0,0,0,0,274,28,2,2
0,0,0,0,807,34,1,0
0,0,0,0,455,29,1,3
0,0,0,0,107,53,3,3
0,0,0,0,661,19,0,1
0,0,0,0,732,60,3,3
0,0,0,0,579,1,2,2
0,0,0,0,280,31,3,3
0,0,0,0,120,29,0,0
0,0,0,0,117,49,2,2
0,0,0,0,727,42,3,3
0,0,0,0,220,1,0,0
0,0,0,0,130,13,0,1
0,0,0,0,803,9,3,2
0,0,0,0,358,54,3,3
0,0,0,0,539,8,1,1
0,0,0,0,67,13,2,2
0,0,0,0,64,13,2,2
0,0,0,0,729,12,1,1
0,0,0,0,113,12,3,3
0,0,0,0,728,30,0,0
0,0,0,0,392,54,0,1
0,0,0,0,344,37,1,2
0,0,0,0,550,61,2,2
0,0,0,0,581,39,2,2
0,0,0,0,570,59,3,2
0,0,0,0,722,1,0,1
0,0,0,0,245,41,3,3
0,0,0,0,95,44,1,1
0,0,0,0,446,9,3,3
0,0,0,0,578,15,3,3
0,0,0,0,417,16,0,0
0,0,0,0,132,28,0,1
0,0,0,0,255,23,3,2
0,0,0,0,377,1,3,2
0,0,0,0,169,20,1,1
0,0,0,0,666,53,0,0
0,0,0,0,260,13,2,2
0,0,0,0,691,3,2,3
0,0,0,0,294,49,2,2
0,0,0,0,373,85,3,2
0,0,0,0,228,23,3,2
0,0,0,0,720,13,1,1
0,0,0,0,305,54,1,1
0,0,0,0,140,28,1,0
0,0,0,0,692,13,1,0
0,0,0,0,421,41,3,3
0,0,0,0,45,9,0,0
0,0,0,0,289,3,2,2
0,0,0,0,712,45,3,3
0,0,0,0,768,13,2,2
0,0,0,0,584,7,3,3
0,0,0,0,743,73,3,3
0,0,0,0,250,29,2,3
0,0,0,0,25,34,3,2
0,0,0,0,78,22,3,3
0,0,0,0,69,17,2,2
0,0,0,0,42,10,1,0
0,0,0,0,33,41,1,0
0,0,0,0,291,6,3,3
0,0,0,0,485,19,2,2
0,0,0,0,220,21,0,0
0,0,0,0,51,23,3,2
0,0,0,0,291,5,3,3
0,0,0,0,431,70,3,3
0,0,0,0,247,31,3,2
0,0,0,0,760,34,0,1
0,0,0,0,12,1,1,1
0,0,0,0,405,23,2,2
0,0,0,0,536,25,1,1
0,0,0,0,788,28,3,2
0,0,0,0,445,45,0,0
0,0,0,0,512,3,1,0
0,0,0,0,766,50,0,0
0,0,0,0,47,55,1,1
0,0,0,0,774,50,0,0
0,0,0,0,16,34,0,0
0,0,0,0,353,43,3,2
0,0,0,0,26,53,3,3
0,0,0,0,462,54,3,3
0,0,0,0,50,8,1,1
0,0,0,0,703,21,1,0
0,0,0,0,137,21,3,3
0,0,0,0,718,12,2,2
0,0,0,0,669,16,2,2
0,0,0,0,790,21,0,0
0,0,0,0,436,4,3,3
0,0,0,0,366,39,3,3
0,0,0,0,22,17,3,3
0,0,0,0,670,23,2,2
0,0,0,0,243,5,1,1
0,0,0,0,116,23,3,3
0,0,0,0,149,35,3,3
0,0,0,0,541,43,2,2
0,0,0,0,174,3,2,3
0,0,0,0,671,27,2,2
0,0,0,0,458,34,0,0
0,0,0,0,6,35,2,2
0,0,0,0,307,15,0,0
0,0,0,0,178,11,3,3
0,0,0,0,408,43,1,1
0,0,0,0,324,62,2,3
0,0,0,0,159,65,0,1
0,0,0,0,77,34,3,3
0,0,0,0,102,9,1,1
0,0,0,0,588,21,1,1
0,0,0,0,554,52,2,2
0,0,0,0,324,89,3,3
0,0,0,0,44,20,2,2
0,0,0,0,319,40,3,2
0,0,0,0,95,67,1,1
0,0,0,0,244,69,0,1
0,0,0,0,342,83,3,3
0,0,0,0,670,35,2,2
0,0,0,0,580,44,3,3
0,0,0,0,308,31,1,1
0,0,0,0,501,3,0,0
0,0,0,0,553,61,2,2
0,0,0,0,583,4,3,3
0,0,0,0,464,43,2,2
0,0,0,0,694,31,3,3
0,0,0,0,331,14,3,3
0,0,0,0,86,58,1,0
0,0,0,0,254,71,3,3
0,0,0,0,793,3,3,2
0,0,0,0,386,50,2,2
0,0,0,0,560,35,1,1
0,0,0,0,50,43,0,1
0,0,0,0,160,13,1,1
0,0,0,0,10,2,2,0
0,0,0,0,525,31,0,1
0,0,0,0,263,43,1,0
0,0,0,0,726,34,3,3
0,0,0,0,282,34,1,1
0,0,0,0,162,29,1,1
0,0,0,0,695,16,2,3
0,0,0,0,325,55,2,2
0,0,0,0,701,20,3,2
0,0,0,0,271,16,3,3
0,0,0,0,342,12,3,3
0,0,0,0,363,13,3,3
0,0,0,0,248,43,3,2
0,0,0,0,418,14,3,3
0,0,0,0,507,3,3,2
0,0,0,0,253,7,2,2
0,0,0,0,489,13,3,2
0,0,0,0,524,40,3,3
0,0,0,0,607,41,1,0
0,0,0,0,148,20,2,2
0,0,0,0,536,16,0,1
0,0,0,0,707,29,2,2
0,0,0,0,37,31,2,3
0,0,0,0,397,8,2,2
0,0,0,0,589,35,2,1
0,0,0,0,590,60,0,0
0,0,0,0,532,35,3,3
0,0,0,0,257,35,0,0
0,0,0,0,647,6,0,0
0,0,0,0,364,42,3,3
0,0,0,0,90,49,0,1
0,0,0,0,773,25,3,3
0,0,0,0,167,20,0,0
0,0,0,0,27,34,3,3
0,0,0,0,390,41,3,3
0,0,0,0,19,53,0,1
0,0,0,0,404,54,3,3
0,0,0,0,310,27,1,1
0,0,0,0,161,13,2,2
0,0,0,0,363,60,2,3
0,0,0,0,647,40,0,0
0,0,0,0,742,34,2,2
0,0,0,0,288,31,1,0
0,0,0,0,554,22,2,2
0,0,0,0,524,30,2,3
0,0,0,0,640,17,1,0
0,0,0,0,781,16,0,1
0,0,0,0,122,20,2,2
0,0,0,0,123,35,2,2
0,0,0,0,213,17,1,1
0,0,0,0,359,22,2,2
0,0,0,0,109,44,0,1
0,0,0,0,456,21,2,2
0,0,0,0,585,37,2,2
0,0,0,0,774,9,1,0
0,0,0,0,448,50,2,2
0,0,0,0,283,17,0,0
0,0,0,0,631,22,2,2
0,0,0,0,127,20,2,3
0,0,0,0,595,1,3,3
0,0,0,0,125,15,2,0
0,0,0,0,803,29,2,2
0,0,0,0,751,22,0,0
0,0,0,0,665,40,1,1
0,0,0,0,205,49,1,0
0,0,0,0,412,3,2,3
0,0,0,0,569,20,2,2
0,0,0,0,254,10,3,3
0,0,0,0,310,43,1,1
0,0,0,0,786,16,0,0
0,0,0,0,692,42,1,0
0,0,0,0,57,5,3,3
0,0,0,0,229,34,0,0
0,0,0,0,620,47,1,0
0,0,0,0,789,11,3,3
0,0,0,0,650,40,2,2
0,0,0,0,669,28,3,2
0,0,0,0,594,16,1,0
0,0,0,0,178,16,3,3
0,0,0,0,429,13,2,2
0,0,0,0,209,1,2,2
0,0,0,0,656,25,3,3
0,0,0,0,375,13,3,2
0,0,0,0,481,9,1,1
0,0,0,0,583,31,2,3
0,0,0,0,756,16,0,0
0,0,0,0,149,40,3,3
0,0,0,0,685,43,1,1
0,0,0,0,593,53,1,1
0,0,0,0,282,22,1,1
0,0,0,0,684,34,0,0
0,0,0,0,43,34,3,3
0,0,0,0,709,29,1,1
0,0,0,0,400,31,3,2
0,0,0,0,304,97,1,1
0,0,0,0,269,75,0,0
0,0,0,0,379,99,3,2
0,0,0,0,114,47,2,2
0,0,0,0,210,35,3,2
0,0,0,0,746,40,3,3
0,0,0,0,805,11,2,2
0,0,0,0,388,41,1,1
0,0,0,0,100,10,0,0
0,0,0,0,805,16,2,2
0,0,0,0,447,84,0,0
0,0,0,0,494,10,3,3
0,0,0,0,787,3,1,1
0,0,0,0,545,45,1,1
0,0,0,0,90,48,1,1
0,0,0,0,12,26,1,1
0,0,0,0,620,54,1,0
0,0,0,0,724,47,2,2
0,0,0,0,649,28,3,3
0,0,0,0,84,40,0,0
0,0,0,0,322,45,2,3
0,0,0,0,556,19,2,2
0,0,0,0,505,1,1,1
0,0,0,0,380,9,0,0
0,0,0,0,286,39,2,2
0,0,0,0,804,3,2,2
0,0,0,0,616,16,1,0
0,0,0,0,175,35,0,1
0,0,0,0,402,1,1,1
0,0,0,0,362,39,1,1
0,0,0,0,258,47,3,3
0,0,0,0,646,14,0,3
0,0,0,0,222,20,2,2
0,0,0,0,112,5,0,0
0,0,0,0,614,3,2,2
0,0,0,0,169,13,1,1
0,0,0,0,636,25,3,3
0,0,0,0,52,47,2,2
0,0,0,0,212,23,1,1
0,0,0,0,315,34,0,0
0,0,0,0,48,34,2,2
0,0,0,0,617,39,2,2
0,0,0,0,451,36,3,3
0,0,0,0,715,47,3,3
0,0,0,0,118,28,3,2
0,0,0,0,315,84,1,0
0,0,0,0,571,3,2,2
0,0,0,0,675,30,3,3
0,0,0,0,707,13,3,2
0,0,0,0,756,61,0,0
0,0,0,0,138,34,2,2
0,0,0,0,132,57,1,1
0,0,0,0,36,47,3,3
0,0,0,0,299,31,0,0
0,0,0,0,10,54,0,0
0,0,0,0,422,63,3,3
0,0,0,0,123,31,2,2
0,0,0,0,642,15,1,0
0,0,0,0,740,34,1,1
0,0,0,0,435,7,0,0
0,0,0,0,594,10,1,0
0,0,0,0,196,16,2,3
0,0,0,0,803,42,3,2
0,0,0,0,490,31,2,2
0,0,0,0,216,49,1,0
0,0,0,0,353,9,2,2
0,0,0,0,10,53,0,0
0,0,0,0,344,99,2,2
0,0,0,0,787,16,0,1
0,0,0,0,145,39,0,0
0,0,0,0,748,31,1,0
0,0,0,0,498,42,3,2
0,0,0,0,11,25,0,0
0,0,0,0,307,30,0,0
0,0,0,0,514,13,2,2
0,0,0,0,131,34,0,0
0,0,0,0,527,20,3,3
0,0,0,0,90,36,0,1
0,0,0,0,379,90,3,2
0,0,0,0,42,11,1,0
0,0,0,0,300,9,1,1
0,0,0,0,227,55,3,3
0,0,0,0,464,13,2,2
0,0,0,0,369,1,3,2
0,0,0,0,802,19,1,1
0,0,0,0,318,28,1,1
0,0,0,0,358,52,3,3
0,0,0,0,382,2,3,3
0,0,0,0,133,3,1,1
0,0,0,0,630,3,2,3
0,0,0,0,307,34,0,0
0,0,0,0,659,3,2,3
0,0,0,0,653,25,2,3
0,0,0,0,755,69,3,3
0,0,0,0,422,74,2,3
0,0,0,0,166,39,3,2
0,0,0,0,451,35,3,3
0,0,0,0,487,43,2,3
0,0,0,0,108,12,0,0
0,0,0,0,230,43,0,1
0,0,0,0,263,81,1,0
0,0,0,0,471,60,1,1
0,0,0,0,255,20,2,2
0,0,0,0,21,40,3,2
0,0,0,0,542,61,2,2
0,0,0,0,189,16,0,0
0,0,0,0,181,23,2,3
0,0,0,0,112,9,0,0
0,0,0,0,260,22,2,2
0,0,0,0,329,19,3,3
0,0,0,0,180,35,2,3
0,0,0,0,527,56,3,3
0,0,0,0,325,11,2,2
0,0,0,0,608,43,1,1
0,0,0,0,718,13,2,2
0,0,0,0,759,35,0,1
0,0,0,0,285,70,1,0
0,0,0,0,117,63,2,2
0,0,0,0,592,16,2,2
0,0,0,0,134,92,3,3
0,0,0,0,210,3,2,2
0,0,0,0,407,63,0,1
0,0,0,0,581,19,2,2
0,0,0,0,678,22,3,3
0,0,0,0,142,10,2,2
0,0,0,0,749,10,3,2
0,0,0,0,333,37,0,0
0,0,0,0,291,20,3,3
0,0,0,0,349,2,1,1
0,0,0,0,702,37,2,3
0,0,0,0,402,41,1,1
0,0,0,0,375,31,3,2
0,0,0,0,181,81,2,3
0,0,0,0,268,23,2,2
0,0,0,0,95,22,1,1
0,0,0,0,445,10,0,0
0,0,0,0,467,85,2,2
0,0,0,0,294,9,2,2
0,0,0,0,252,16,2,2
0,0,0,0,450,25,2,3
0,0,0,0,725,13,2,2
0,0,0,0,234,74,1,1
0,0,0,0,394,17,3,3
0,0,0,0,317,1,2,3
0,0,0,0,372,58,2,3
0,0,0,0,351,35,3,3
0,0,0,0,59,50,1,1
0,0,0,0,721,62,2,2
0,0,0,0,459,15,2,2
0,0,0,0,773,16,3,3
0,0,0,0,179,54,2,2
0,0,0,0,130,17,0,1
0,0,0,0,436,61,3,3
0,0,0,0,9,34,0,0
0,0,0,0,67,22,2,2
0,0,0,0,708,6,3,3
0,0,0,0,175,3,1,1
0,0,0,0,272,34,3,3
0,0,0,0,238,60,3,2
0,0,0,0,667,28,0,0
0,0,0,0,348,14,2,2
0,0,0,0,729,28,0,1
0,0,0,0,337,88,3,3
0,0,0,0,458,60,0,0
0,0,0,0,595,21,0,3
0,0,0,0,253,41,2,2
0,0,0,0,590,13,1,0
0,0,0,0,167,12,0,0
0,0,0,0,518,65,2,2
0,0,0,0,81,12,1,1
0,0,0,0,156,8,2,2
0,0,0,0,511,60,0,0
0,0,0,0,720,35,0,1
0,0,0,0,162,1,0,1
0,0,0,0,346,11,2,2
0,0,0,0,260,5,2,2
0,0,0,0,428,27,0,0
0,0,0,0,419,44,3,3
0,0,0,0,662,21,2,2
0,0,0,0,346,31,3,2
0,0,0,0,468,58,2,2
0,0,0,0,39,20,2,3
0,0,0,0,472,21,1,1
0,0,0,0,235,16,3,2
0,0,0,0,27,2,3,3
0,0,0,0,571,58,1,2
0,0,0,0,265,31,3,3
0,0,0,0,440,21,1,0
0,0,0,0,231,43,0,1
0,0,0,0,75,34,3,3
0,0,0,0,663,9,1,1
0,0,0,0,70,20,2,2
0,0,0,0,432,24,2,2
0,0,0,0,50,50,1,1
0,0,0,0,525,56,0,1
0,0,0,0,796,20,2,3
0,0,0,0,632,65,3,3
0,0,0,0,389,7,2,2
0,0,0,0,64,39,2,2
0,0,0,0,57,49,3,3
0,0,0,0,740,35,0,1
0,0,0,0,533,3,2,3
0,0,0,0,573,11,3,3
0,0,0,0,494,35,3,3
0,0,0,0,760,3,0,1
0,0,0,0,492,50,2,2
0,0,0,0,731,12,3,3
0,0,0,0,30,41,1,1
0,0,0,0,2,15,2,2
0,0,0,0,404,22,3,3
0,0,0,0,784,13,3,3
0,0,0,0,335,16,0,0
0,0,0,0,222,16,2,2
0,0,0,0,733,59,0,0
0,0,0,0,239,3,1,1
0,0,0,0,243,9,1,1
0,0,0,0,129,23,2,2
0,0,0,0,686,23,0,0
0,0,0,0,693,27,0,0
0,0,0,0,102,34,1,1
0,0,0,0,416,47,3,3
0,0,0,0,530,22,3,3
0,0,0,0,558,54,3,3
0,0,0,0,62,39,0,0
0,0,0,0,226,31,3,2
0,0,0,0,411,13,0,1
0,0,0,0,738,31,3,3
0,0,0,0,552,45,0,0
0,0,0,0,47,17,1,1
0,0,0,0,84,1,0,0
0,0,0,0,449,12,3,3
0,0,0,0,674,31,2,3
0,0,0,0,749,3,3,2
0,0,0,0,596,5,0,1
0,0,0,0,201,12,2,2
0,0,0,0,222,34,2,2
0,0,0,0,471,55,1,1
0,0,0,0,635,20,2,3
0,0,0,0,341,11,3,3
0,0,0,0,35,26,2,3
0,0,0,0,25,10,3,2
0,0,0,0,319,34,3,2
0,0,0,0,501,13,0,0
0,0,0,0,763,8,1,1
0,0,0,0,698,51,1,0
0,0,0,0,130,39,0,1
0,0,0,0,104,66,2,2
0,0,0,0,578,31,3,3
0,0,0,0,118,53,3,2
0,0,0,0,344,23,2,2
0,0,0,0,643,88,0,1
0,0,0,0,50,27,1,1
0,0,0,0,328,1,0,3
0,0,0,0,121,14,1,0
0,0,0,0,77,23,3,3
0,0,0,0,785,11,0,0
0,0,0,0,132,36,1,1
0,0,0,0,73,40,1,1
0,0,0,0,452,1,2,2
0,0,0,0,280,62,3,3
0,0,0,0,724,20,2,2
0,0,0,0,736,36,2,2
0,0,0,0,285,50,0,0
0,0,0,0,198,43,2,2
0,0,0,0,558,5,3,3
0,0,0,0,114,36,2,2
0,0,0,0,66,23,2,3
0,0,0,0,141,54,3,3
0,0,0,0,746,3,3,3
0,0,0,0,442,3,2,3
0,0,0,0,423,23,0,0
0,0,0,0,433,58,1,0
0,0,0,0,350,16,0,1
0,0,0,0,456,34,2,2
0,0,0,0,747,34,1,1
0,0,0,0,507,54,2,2
0,0,0,0,795,22,0,1
0,0,0,0,560,60,0,1
0,0,0,0,503,97,3,3
0,0,0,0,460,3,1,1
0,0,0,0,782,54,3,2
0,0,0,0,130,22,0,1
0,0,0,0,286,35,3,2
0,0,0,0,386,60,2,2
0,0,0,0,5,35,3,3
0,0,0,0,235,2,3,2
0,0,0,0,376,5,1,0
0,0,0,0,559,22,1,1
0,0,0,0,661,59,0,1
0,0,0,0,738,43,3,3
0,0,0,0,734,45,0,0
0,0,0,0,19,31,0,1
0,0,0,0,112,41,1,0
0,0,0,0,364,55,3,3
0,0,0,0,690,47,3,3
0,0,0,0,697,21,2,2
0,0,0,0,505,32,1,1
0,0,0,0,584,77,3,3
0,0,0,0,478,26,0,3
0,0,0,0,684,9,0,0
0,0,0,0,40,17,2,2
0,0,0,0,697,94,2,2
0,0,0,0,222,41,2,2
0,0,0,0,627,40,2,2
0,0,0,0,176,32,1,1
0,0,0,0,703,41,1,0
0,0,0,0,23,10,0,0
0,0,0,0,745,84,3,3
0,0,0,0,235,95,3,2
0,0,0,0,298,5,0,0
0,0,0,0,806,72,3,3
0,0,0,0,563,25,0,0
0,0,0,0,463,43,0,1
0,0,0,0,222,54,2,2
0,0,0,0,417,28,0,0
0,0,0,0,106,37,2,3
0,0,0,0,120,25,2,0
0,0,0,0,641,9,2,2
0,0,0,0,277,12,3,2
0,0,0,0,503,39,3,3
0,0,0,0,617,19,3,2
0,0,0,0,408,35,0,1
0,0,0,0,788,31,2,2
0,0,0,0,133,63,1,1
0,0,0,0,231,6,0,1
0,0,0,0,604,55,2,3
0,0,0,0,428,34,0,0
0,0,0,0,328,10,3,3
0,0,0,0,93,12,2,2
0,0,0,0,546,21,2,2
0,0,0,0,39,22,3,3
0,0,0,0,142,21,2,2
0,0,0,0,394,96,3,3
0,0,0,0,163,21,2,3
0,0,0,0,191,22,0,1
0,0,0,0,253,71,2,2
0,0,0,0,126,66,2,2
0,0,0,0,315,9,0,0
0,0,0,0,325,1,2,2
0,0,0,0,770,3,2,3
0,0,0,0,524,54,2,3
0,0,0,0,460,50,1,1
0,0,0,0,444,66,1,1
0,0,0,0,256,31,0,1
0,0,0,0,322,9,3,3
0,0,0,0,456,4,2,2
0,0,0,0,218,55,3,2
0,0,0,0,399,39,0,0
0,0,0,0,364,29,2,3
0,0,0,0,471,53,0,1
0,0,0,0,658,40,3,3
0,0,0,0,307,21,0,0
0,0,0,0,126,19,2,2
0,0,0,0,650,35,2,2
0,0,0,0,334,98,3,3
0,0,0,0,752,43,0,0
0,0,0,0,5,16,3,3
0,0,0,0,686,9,0,0
0,0,0,0,48,61,2,2
0,0,0,0,200,5,3,3
0,0,0,0,435,4,0,0
0,0,0,0,191,13,0,1
0,0,0,0,269,3,0,0
0,0,0,0,108,40,0,0
0,0,0,0,682,28,0,1
0,0,0,0,28,51,2,2
0,0,0,0,501,77,0,0
0,0,0,0,273,3,2,3
0,0,0,0,557,67,2,3
0,0,0,0,781,35,0,1
0,0,0,0,482,40,2,3
0,0,0,0,482,35,2,3
0,0,0,0,560,12,0,1
0,0,0,0,31,20,2,2
0,0,0,0,443,47,0,0
0,0,0,0,734,13,0,0
0,0,0,0,14,58,2,1
0,0,0,0,663,13,0,1
0,0,0,0,124,56,2,2
0,0,0,0,625,29,2,2
0,0,0,0,438,22,3,3
0,0,0,0,125,1,0,0
0,0,0,0,138,19,2,2
0,0,0,0,682,50,1,1
0,0,0,0,434,52,0,1
0,0,0,0,498,28,2,2
0,0,0,0,137,27,3,3
0,0,0,0,80,87,0,1
0,0,0,0,659,59,3,3
0,0,0,0,40,27,2,2
0,0,0,0,552,1,1,0
0,0,0,0,571,63,2,2
0,0,0,0,730,14,0,2
0,0,0,0,269,57,0,0
0,0,0,0,461,8,2,3
0,0,0,0,194,60,0,0
0,0,0,0,34,16,1,0
0,0,0,0,496,69,1,1
0,0,0,0,272,88,2,3
0,0,0,0,634,9,0,0
0,0,0,0,79,22,3,2
0,0,0,0,548,35,3,2
0,0,0,0,46,16,0,0
0,0,0,0,155,2,3,2
0,0,0,0,407,85,0,1
0,0,0,0,280,9,3,3
0,0,0,0,562,4,1,1
0,0,0,0,560,16,1,1
0,0,0,0,799,11,2,2
0,0,0,0,92,5,1,0
0,0,0,0,332,79,2,2
0,0,0,0,257,60,1,0
0,0,0,0,99,22,0,0
0,0,0,0,746,10,3,3
0,0,0,0,497,55,2,3
0,0,0,0,354,60,0,1
0,0,0,0,409,39,1,1
0,0,0,0,87,14,1,1
0,0,0,0,318,56,0,1
0,0,0,0,109,34,1,1
0,0,0,0,241,12,0,0
0,0,0,0,387,40,1,1
0,0,0,0,515,19,0,1
0,0,0,0,723,34,0,0
0,0,0,0,317,3,3,3
0,0,0,0,168,3,0,0
0,0,0,0,654,41,1,1
0,0,0,0,690,21,3,3
0,0,0,0,159,42,1,1
0,0,0,0,432,34,2,2
0,0,0,0,215,43,1,0
0,0,0,0,27,67,2,3
0,0,0,0,97,39,1,1
0,0,0,0,68,55,0,0
0,0,0,0,128,44,3,3
0,0,0,0,114,23,2,2
0,0,0,0,347,12,1,1
0,0,0,0,231,19,0,1
0,0,0,0,195,54,3,3
0,0,0,0,488,37,0,0
0,0,0,0,80,20,1,1
0,0,0,0,656,54,3,3
0,0,0,0,200,35,3,3
0,0,0,0,335,35,0,0
0,0,0,0,326,39,3,2
0,0,0,0,23,1,0,0
0,0,0,0,186,29,2,2
0,0,0,0,562,40,0,1
0,0,0,0,601,39,1,1
0,0,0,0,60,3,2,2
0,0,0,0,703,34,1,0
0,0,0,0,517,27,3,3
0,0,0,0,173,35,1,1
0,0,0,0,331,16,3,3
0,0,0,0,427,67,2,3
0,0,0,0,770,58,2,3
0,0,0,0,379,21,3,2
0,0,0,0,201,31,2,2
0,0,0,0,681,35,1,0
0,0,0,0,396,63,0,0
0,0,0,0,10,16,0,0
0,0,0,0,694,42,3,3
0,0,0,0,564,43,3,2
0,0,0,0,319,16,3,2
0,0,0,0,687,13,3,3
0,0,0,0,289,1,2,2
0,0,0,0,570,9,2,2
0,0,0,0,251,4,1,1
0,0,0,0,481,3,1,1
0,0,0,0,700,42,3,2
0,0,0,0,626,22,3,3
0,0,0,0,424,16,0,1
0,0,0,0,443,31,1,0
0,0,0,0,285,85,1,0
0,0,0,0,474,37,1,0
0,0,0,0,63,3,1,1
0,0,0,0,648,34,3,2
0,0,0,0,41,31,2,2
0,0,0,0,175,2,1,1
0,0,0,0,137,23,3,3
0,0,0,0,800,10,3,3
0,0,0,0,31,48,2,2
0,0,0,0,696,47,1,0
0,0,0,0,302,10,1,0
0,0,0,0,481,7,1,1
0,0,0,0,346,9,3,2
0,0,0,0,623,9,1,0
0,0,0,0,556,35,0,2
0,0,0,0,395,11,1,1
0,0,0,0,166,62,3,2
0,0,0,0,221,35,3,3
0,0,0,0,214,29,1,1
0,0,0,0,378,9,2,2
0,0,0,0,401,104,3,3
0,0,0,0,292,13,3,2
0,0,0,0,56,41,1,1
0,0,0,0,393,70,1,0
0,0,0,0,298,42,0,0
0,0,0,0,741,16,0,0
0,0,0,0,33,16,1,0
0,0,0,0,465,3,2,2
0,0,0,0,597,77,2,2
0,0,0,0,264,39,1,1
0,0,0,0,468,14,2,2
0,0,0,0,482,5,3,3
0,0,0,0,56,45,1,1
0,0,0,0,320,37,2,3
0,0,0,0,602,20,2,2
0,0,0,0,96,48,2,2
0,0,0,0,178,37,2,3
0,0,0,0,266,9,1,1
0,0,0,0,199,25,3,3
0,0,0,0,106,9,3,3
0,0,0,0,454,18,0,2
0,0,0,0,238,22,2,2
0,0,0,0,698,31,1,0
0,0,0,0,219,21,1,1
0,0,0,0,428,72,1,0
0,0,0,0,442,28,3,3
0,0,0,0,767,43,1,1
0,0,0,0,718,34,2,2
0,0,0,0,419,69,3,3
0,0,0,0,407,34,0,1
0,0,0,0,330,96,0,0
0,0,0,0,236,55,0,0
0,0,0,0,91,3,1,1
0,0,0,0,173,19,1,1
0,0,0,0,72,9,2,3
0,0,0,0,192,12,3,3
0,0,0,0,325,2,2,2
0,0,0,0,603,21,3,3
0,0,0,0,329,34,3,3
0,0,0,0,777,40,3,3
0,0,0,0,787,34,1,1
0,0,0,0,566,43,3,3
0,0,0,0,466,4,0,0
0,0,0,0,480,3,1,0
0,0,0,0,134,5,3,3
0,0,0,0,641,23,2,2
0,0,0,0,391,42,3,3
0,0,0,0,744,9,2,2
0,0,0,0,534,72,0,0
0,0,0,0,453,43,3,3
0,0,0,0,63,55,1,1
0,0,0,0,446,56,3,3
0,0,0,0,20,55,0,1
0,0,0,0,162,16,0,1
0,0,0,0,120,9,0,0
0,0,0,0,448,17,2,2
0,0,0,0,61,23,3,3
0,0,0,0,452,56,2,2
0,0,0,0,193,27,2,3
0,0,0,0,202,34,3,2
0,0,0,0,318,23,1,1
0,0,0,0,738,16,3,3
0,0,0,0,498,35,3,2
0,0,0,0,270,39,2,3
0,0,0,0,462,39,3,3
0,0,0,0,643,58,2,1
0,0,0,0,668,3,2,3
0,0,0,0,349,34,1,1
0,0,0,0,257,2,1,0
0,0,0,0,558,19,3,3
0,0,0,0,732,29,2,3
0,0,0,0,100,13,1,0
0,0,0,0,797,5,3,3
0,0,0,0,760,27,0,1
0,0,0,0,271,43,3,3
0,0,0,0,109,2,1,1
0,0,0,0,98,12,2,2
0,0,0,0,600,22,0,1
0,0,0,0,15,34,3,3
0,0,0,0,208,65,1,1
0,0,0,0,541,40,2,2
0,0,0,0,601,6,1,1
0,0,0,0,591,11,1,1
0,0,0,0,475,63,1,0
0,0,0,0,352,52,0,1
0,0,0,0,399,34,0,0
0,0,0,0,757,22,1,1
0,0,0,0,184,53,3,3
0,0,0,0,270,40,2,3
0,0,0,0,149,34,3,3
0,0,0,0,519,13,2,2
0,0,0,0,765,9,3,2
0,0,0,0,594,1,0,0
0,0,0,0,194,4,0,0
0,0,0,0,762,25,3,3
0,0,0,0,184,13,3,3
0,0,0,0,71,34,2,2
0,0,0,0,188,15,0,0
0,0,0,0,700,21,2,2
0,0,0,0,525,1,1,1
0,0,0,0,153,27,2,2
0,0,0,0,375,19,2,2
0,0,0,0,209,20,2,2
0,0,0,0,415,31,3,2
0,0,0,0,218,3,2,2
0,0,0,0,341,54,3,3
0,0,0,0,51,2,2,2
0,0,0,0,526,67,0,0
0,0,0,0,148,35,3,2
0,0,0,0,771,30,2,2
0,0,0,0,522,29,2,2
0,0,0,0,361,3,2,2
0,0,0,0,674,3,2,3
0,0,0,0,19,13,0,1
0,0,0,0,695,23,2,3
0,0,0,0,253,65,3,2
0,0,0,0,800,29,2,3
0,0,0,0,427,13,3,3
0,0,0,0,9,48,0,0
0,0,0,0,302,32,1,0
0,0,0,0,675,51,3,3
0,0,0,0,476,29,1,0
0,0,0,0,385,36,3,2
0,0,0,0,479,3,3,3
0,0,0,0,743,6,3,3
0,0,0,0,158,20,2,2
0,0,0,0,642,35,0,0
0,0,0,0,295,22,1,0
0,0,0,0,405,9,2,2
0,0,0,0,747,47,1,1
0,0,0,0,142,16,2,2
0,0,0,0,174,22,3,3
0,0,0,0,410,43,0,0
0,0,0,0,172,13,3,2
0,0,0,0,221,70,3,3
0,0,0,0,177,23,0,0
0,0,0,0,79,11,2,2
0,0,0,0,359,34,3,2
0,0,0,0,182,6,3,3
0,0,0,0,558,25,3,3
0,0,0,0,27,9,3,3
0,0,0,0,608,13,1,1
0,0,0,0,559,20,1,1
0,0,0,0,515,51,1,1
0,0,0,0,80,2,1,1
0,0,0,0,362,14,1,1
0,0,0,0,223,20,2,2
0,0,0,0,694,23,3,3
0,0,0,0,777,35,3,3
0,0,0,0,424,27,1,1
0,0,0,0,620,4,1,0
0,0,0,0,55,36,3,2
0,0,0,0,476,20,0,0
0,0,0,0,798,5,0,0
0,0,0,0,373,25,2,2
0,0,0,0,530,3,2,3
0,0,0,0,691,5,3,3
0,0,0,0,323,34,2,2
0,0,0,0,189,7,0,0
0,0,0,0,124,40,3,2
0,0,0,0,691,13,3,3
0,0,0,0,745,21,3,3
0,0,0,0,187,67,2,3
0,0,0,0,589,31,0,1
0,0,0,0,507,14,2,2
0,0,0,0,76,44,3,3
0,0,0,0,610,20,1,1
0,0,0,0,546,8,2,2
0,0,0,0,533,34,3,3
0,0,0,0,563,47,0,0
0,0,0,0,185,35,3,3
0,0,0,0,439,4,1,1
0,0,0,0,471,43,1,1
0,0,0,0,358,25,3,3
0,0,0,0,430,61,2,2
0,0,0,0,2,12,2,2
0,0,0,0,88,1,1,1
0,0,0,0,407,66,0,1
0,0,0,0,143,34,0,0
0,0,0,0,637,53,1,1
0,0,0,0,313,20,2,3
0,0,0,0,172,39,2,2
0,0,0,0,47,5,1,1
0,0,0,0,656,3,3,3
0,0,0,0,557,22,3,3
0,0,0,0,352,35,0,1
0,0,0,0,601,37,1,1
0,0,0,0,546,56,2,2
0,0,0,0,38,19,2,2
0,0,0,0,398,51,1,1
0,0,0,0,779,84,0,1
0,0,0,0,327,3,0,0
0,0,0,0,504,5,0,0
0,0,0,0,25,9,2,2
0,0,0,0,79,20,2,2
0,0,0,0,603,49,3,3
0,0,0,0,626,43,2,3
0,0,0,0,654,58,0,1
0,0,0,0,44,14,2,2
0,0,0,0,75,15,3,3
0,0,0,0,384,63,3,3
0,0,0,0,371,39,0,0
0,0,0,0,250,90,3,3
0,0,0,0,108,36,0,0
0,0,0,0,284,47,0,1
0,0,0,0,413,30,2,3
0,0,0,0,653,55,3,3
0,0,0,0,246,8,2,3
0,0,0,0,375,55,2,2
0,0,0,0,663,21,1,1
0,0,0,0,98,44,2,2
0,0,0,0,722,31,0,1
0,0,0,0,94,35,3,3
0,0,0,0,421,12,3,3
0,0,0,0,753,3,1,0
0,0,0,0,336,45,2,2
0,0,0,0,388,4,1,1
0,0,0,0,140,41,0,0
0,0,0,0,693,43,0,0
0,0,0,0,655,11,0,0
0,0,0,0,66,13,3,3
0,0,0,0,333,22,1,0
0,0,0,0,420,20,1,1
0,0,0,0,602,56,2,2
0,0,0,0,357,78,1,0
0,0,0,0,406,35,0,1
0,0,0,0,168,7,0,0
0,0,0,0,613,108,0,0
0,0,0,0,298,26,0,0
0,0,0,0,601,21,0,1
0,0,0,0,135,31,2,2
0,0,0,0,1,6,2,3
0,0,0,0,666,20,0,0
0,0,0,0,628,66,0,0
0,0,0,0,621,3,0,0
0,0,0,0,22,9,3,3
0,0,0,0,638,44,2,2
0,0,0,0,439,41,1,1
0,0,0,0,614,30,3,2
0,0,0,0,415,22,2,2
0,0,0,0,419,35,3,3
0,0,0,0,32,69,1,1
0,0,0,0,435,94,0,0
0,0,0,0,19,55,0,1
0,0,0,0,551,5,0,0
0,0,0,0,375,43,2,2
0,0,0,0,473,43,1,1
0,0,0,0,708,12,3,3
0,0,0,0,521,56,1,0
0,0,0,0,259,62,2,2
0,0,0,0,303,54,2,3
0,0,0,0,566,23,2,3
0,0,0,0,35,53,3,3
0,0,0,0,268,1,3,2
0,0,0,0,90,50,1,1
0,0,0,0,472,43,1,1
0,0,0,0,750,20,1,1
0,0,0,0,565,16,3,2
0,0,0,0,718,9,2,2
0,0,0,0,390,53,3,3
0,0,0,0,94,57,3,3
0,0,0,0,431,27,3,3
0,0,0,0,286,40,3,2
0,0,0,0,734,11,0,0
0,0,0,0,425,35,2,2
0,0,0,0,490,43,3,2
0,0,0,0,114,6,2,2
0,0,0,0,733,31,0,0
0,0,0,0,372,99,3,3
0,0,0,0,474,34,1,0
0,0,0,0,461,22,2,3
0,0,0,0,308,1,1,1
0,0,0,0,308,6,1,1
0,0,0,0,458,6,0,0
0,0,0,0,672,10,0,1
0,0,0,0,646,3,2,3
0,0,0,0,249,61,1,1
0,0,0,0,123,26,2,2
0,0,0,0,348,19,2,2
0,0,0,0,396,41,0,0
0,0,0,0,451,31,3,3
0,0,0,0,285,57,0,0
0,0,0,0,248,19,3,2
0,0,0,0,499,9,3,3
0,0,0,0,81,1,1,1
0,0,0,0,711,28,0,1
0,0,0,0,601,20,1,1
0,0,0,0,285,16,1,0
0,0,0,0,445,1,1,0
0,0,0,0,653,29,2,3
0,0,0,0,442,34,3,3
0,0,0,0,173,8,1,1
0,0,0,0,520,16,0,0
0,0,0,0,637,9,1,1
0,0,0,0,21,23,3,2
0,0,0,0,447,73,0,0
0,0,0,0,714,31,0,1
0,0,0,0,667,102,0,0
0,0,0,0,623,16,0,0
0,0,0,0,403,3,1,1
0,0,0,0,699,31,0,0
0,0,0,0,796,102,3,3
0,0,0,0,744,34,2,2
0,0,0,0,233,50,1,1
0,0,0,0,578,35,3,3
0,0,0,0,791,30,2,3
0,0,0,0,392,47,1,1
0,0,0,0,611,56,3,3
0,0,0,0,713,10,3,3
0,0,0,0,285,25,0,0
0,0,0,0,126,47,3,2
0,0,0,0,241,29,0,0
0,0,0,0,55,14,3,2
0,0,0,0,86,34,0,0
0,0,0,0,76,17,3,3
0,0,0,0,607,12,1,0
0,0,0,0,83,89,0,0
0,0,0,0,65,41,3,3
0,0,0,0,480,9,0,0
0,0,0,0,201,20,3,2
0,0,0,0,41,74,2,2
0,0,0,0,133,12,1,1
0,0,0,0,24,54,1,1
0,0,0,0,780,59,2,2
0,0,0,0,237,44,0,1
0,0,0,0,54,3,1,0
0,0,0,0,665,22,1,1
0,0,0,0,464,2,2,2
0,0,0,0,414,85,2,3
0,0,0,0,380,13,0,0
0,0,0,0,615,13,1,0
0,0,0,0,91,31,1,1
0,0,0,0,313,13,2,3
0,0,0,0,127,3,2,3
0,0,0,0,453,5,3,3
0,0,0,0,795,5,0,1
0,0,0,0,603,35,2,3
0,0,0,0,54,12,0,0
0,0,0,0,135,2,2,2
0,0,0,0,167,25,0,0
0,0,0,0,665,53,0,1
0,0,0,0,27,13,3,3
0,0,0,0,510,70,3,3
0,0,0,0,413,28,2,3
0,0,0,0,347,44,0,1
0,0,0,0,296,10,1,0
0,0,0,0,716,58,1,1
0,0,0,0,631,59,2,2
0,0,0,0,380,41,0,0
0,0,0,0,428,5,1,0
0,0,0,0,82,61,2,2
0,0,0,0,608,40,1,1
0,0,0,0,508,95,2,2
0,0,0,0,176,58,1,1
0,0,0,0,283,41,0,0
0,0,0,0,583,39,2,3
0,0,0,0,616,20,0,0
0,0,0,0,310,34,1,1
0,0,0,0,325,43,3,2
0,0,0,0,688,28,0,3
0,0,0,0,70,28,2,2
0,0,0,0,157,22,1,1
0,0,0,0,199,58,2,3
0,0,0,0,647,34,0,0
0,0,0,0,798,94,0,0
0,0,0,0,219,40,1,1
0,0,0,0,548,9,3,2
0,0,0,0,8,44,0,0
0,0,0,0,595,12,3,3
0,0,0,0,531,47,3,3
0,0,0,0,354,23,1,1
0,0,0,0,426,37,1,1
0,0,0,0,267,35,3,2
0,0,0,0,324,44,3,3
0,0,0,0,197,1,2,3
0,0,0,0,267,37,2,2
0,0,0,0,506,20,1,1
0,0,0,0,383,34,1,1
0,0,0,0,770,5,3,3
0,0,0,0,465,47,3,2
0,0,0,0,517,12,3,3
0,0,0,0,5,33,3,3
0,0,0,0,559,65,1,1
0,0,0,0,497,53,2,3
0,0,0,0,533,47,3,3
0,0,0,0,653,22,3,3
0,0,0,0,143,17,0,0
0,0,0,0,189,31,0,0
0,0,0,0,736,53,2,2
0,0,0,0,449,5,3,3
0,0,0,0,648,12,3,2
0,0,0,0,768,43,2,2
0,0,0,0,422,56,3,3
0,0,0,0,501,40,0,0
0,0,0,0,802,22,1,1
0,0,0,0,203,10,3,2
0,0,0,0,194,40,0,0
0,0,0,0,332,35,2,2
0,0,0,0,398,53,0,1
0,0,0,0,195,42,3,3
0,0,0,0,614,61,2,2
0,0,0,0,525,53,1,1
0,0,0,0,6,38,3,2
0,0,0,0,2,3,2,2
0,0,0,0,34,1,1,0
0,0,0,0,202,12,3,2
0,0,0,0,118,34,3,2
0,0,0,0,168,44,0,0
0,0,0,0,143,3,0,0
0,0,0,0,213,23,1,1
0,0,0,0,697,31,3,2
0,0,0,0,160,49,0,1
0,0,0,0,131,90,0,0
0,0,0,0,665,13,1,1
0,0,0,0,143,77,0,0
0,0,0,0,313,16,2,3
0,0,0,0,195,58,2,3
0,0,0,0,220,47,0,0
0,0,0,0,486,35,2,2
0,0,0,0,737,63,1,1
0,0,0,0,26,34,3,3
0,0,0,0,764,42,3,2
0,0,0,0,328,8,2,3
0,0,0,0,470,47,3,3
0,0,0,0,641,42,3,2
0,0,0,0,31,43,2,2
0,0,0,0,28,3,2,2
0,0,0,0,547,16,3,3
0,0,0,0,318,20,1,1
0,0,0,0,29,31,3,3
0,0,0,0,207,13,1,1
0,0,0,0,681,12,0,0
0,0,0,0,735,9,2,2
0,0,0,0,419,49,3,3
0,0,0,0,416,58,2,3
0,0,0,0,405,41,2,2
0,0,0,0,303,23,0,3
0,0,0,0,172,35,3,2
0,0,0,0,806,9,3,3
0,0,0,0,49,28,2,2
0,0,0,0,187,40,3,3
0,0,0,0,716,43,1,1
0,0,0,0,339,12,2,2
0,0,0,0,170,34,1,1
0,0,0,0,795,3,1,1
0,0,0,0,224,34,0,0
0,0,0,0,9,49,0,0
0,0,0,0,788,20,2,2
0,0,0,0,657,53,3,3
0,0,0,0,38,29,2,2
0,0,0,0,98,3,2,2
0,0,0,0,398,25,1,1
0,0,0,0,539,2,1,1
0,0,0,0,213,16,0,1
0,0,0,0,117,40,2,2
0,0,0,0,406,2,1,1
0,0,0,0,532,14,2,3
0,0,0,0,77,63,3,3
0,0,0,0,614,2,2,2
0,0,0,0,393,37,0,0
0,0,0,0,501,50,0,0
0,0,0,0,85,31,1,1
0,0,0,0,179,65,2,2
0,0,0,0,12,8,1,1
0,0,0,0,60,53,2,2
0,0,0,0,178,12,3,3
0,0,0,0,156,35,3,2
0,0,0,0,81,67,0,1
0,0,0,0,617,58,2,2
0,0,0,0,207,9,1,1
0,0,0,0,570,47,3,2
0,0,0,0,332,34,2,2
0,0,0,0,262,47,2,2
0,0,0,0,316,25,1,1
0,0,0,0,678,16,3,3
0,0,0,0,415,1,2,2
0,0,0,0,40,13,2,2
0,0,0,0,619,3,1,1
0,0,0,0,69,58,2,2
0,0,0,0,190,43,2,3
0,0,0,0,568,40,3,2
0,0,0,0,392,91,0,1
0,0,0,0,265,11,3,3
0,0,0,0,461,53,3,3
0,0,0,0,752,19,0,0
0,0,0,0,356,3,1,0
0,0,0,0,671,8,2,2
0,0,0,0,473,22,0,1
0,0,0,0,367,31,1,1
0,0,0,0,139,16,3,3
0,0,0,0,727,9,3,3
0,0,0,0,634,17,1,0
0,0,0,0,266,43,0,1
0,0,0,0,276,9,3,2
0,0,0,0,192,3,3,3
0,0,0,0,567,34,0,1
0,0,0,0,124,25,2,2
0,0,0,0,659,22,3,3
0,0,0,0,316,3,1,1
0,0,0,0,406,26,0,1
0,0,0,0,103,61,1,1
0,0,0,0,424,10,0,1
0,0,0,0,385,41,2,2
0,0,0,0,374,23,0,1
0,0,0,0,577,7,2,2
0,0,0,0,703,10,0,0
0,0,0,0,33,34,1,0
0,0,0,0,488,56,1,0
0,0,0,0,454,16,3,2
0,0,0,0,536,19,1,1
0,0,0,0,780,43,2,2
0,0,0,0,113,54,3,3
0,0,0,0,660,20,2,2
0,0,0,0,239,27,1,1
0,0,0,0,13,5,2,3
0,0,0,0,620,43,1,0
0,0,0,0,623,25,0,0
0,0,0,0,725,47,2,2
0,0,0,0,636,3,3,3
0,0,0,0,44,34,2,2
0,0,0,0,635,56,3,3
0,0,0,0,672,47,1,1
0,0,0,0,184,36,3,3
0,0,0,0,73,9,1,1
0,0,0,0,528,3,2,3
0,0,0,0,625,9,2,2
0,0,0,0,14,44,0,1
0,0,0,0,53,47,1,1
0,0,0,0,489,56,2,2
0,0,0,0,22,55,2,3
0,0,0,0,436,37,2,3
0,0,0,0,187,14,3,3
0,0,0,0,465,22,3,2
0,0,0,0,639,55,3,3
0,0,0,0,745,66,3,3
0,0,0,0,209,31,2,2
0,0,0,0,732,41,3,3
0,0,0,0,624,42,1,1
0,0,0,0,203,11,2,2
0,0,0,0,381,34,3,3
0,0,0,0,761,35,3,2
0,0,0,0,764,22,3,2
0,0,0,0,5,3,2,3
0,0,0,0,670,14,2,2
0,0,0,0,762,66,3,3
0,0,0,0,616,66,0,0
0,0,0,0,314,55,0,0
0,0,0,0,300,68,1,1
0,0,0,0,465,34,3,2
0,0,0,0,76,16,3,3
0,0,0,0,625,36,2,2
0,0,0,0,111,22,3,3
0,0,0,0,491,15,3,3
0,0,0,0,228,40,3,2
0,0,0,0,721,28,2,2
0,0,0,0,386,11,2,2
0,0,0,0,178,35,3,3
0,0,0,0,109,21,1,1
0,0,0,0,377,60,3,2
0,0,0,0,86,20,0,0
0,0,0,0,319,41,3,2
0,0,0,0,276,5,3,2
0,0,0,0,763,31,0,1
0,0,0,0,400,3,2,2
0,0,0,0,402,30,1,1
0,0,0,0,450,35,3,3
0,0,0,0,230,60,1,1
0,0,0,0,137,44,3,3
0,0,0,0,667,45,0,0
0,0,0,0,646,31,3,3
0,0,0,0,367,50,1,1
0,0,0,0,244,56,1,1
0,0,0,0,256,22,1,1
0,0,0,0,469,21,1,1
0,0,0,0,545,40,1,1
0,0,0,0,633,9,2,3
0,0,0,0,315,13,1,0
0,0,0,0,207,40,1,1
0,0,0,0,82,35,3,2
0,0,0,0,330,34,0,0
0,0,0,0,668,54,3,3
0,0,0,0,137,10,3,3
0,0,0,0,29,56,3,3
0,0,0,0,251,34,1,1
0,0,0,0,133,43,1,1
0,0,0,0,556,17,2,2
0,0,0,0,458,3,0,0
0,0,0,0,234,16,0,1
0,0,0,0,204,54,1,1
0,0,0,0,4,24,0,0
0,0,0,0,65,55,3,3
0,0,0,0,308,90,1,1
0,0,0,0,140,53,1,0
0,0,0,0,421,34,2,3
0,0,0,0,741,43,0,0
0,0,0,0,477,17,0,0
0,0,0,0,389,28,2,2
0,0,0,0,108,20,1,0
0,0,0,0,497,1,3,3
0,0,0,0,312,53,3,3
0,0,0,0,801,45,2,2
0,0,0,0,790,66,0,0
0,0,0,0,159,20,1,1
0,0,0,0,633,20,3,3
0,0,0,0,802,50,0,1
0,0,0,0,163,15,2,3
0,0,0,0,348,31,3,2
0,0,0,0,483,57,3,3
0,0,0,0,4,29,1,0
0,0,0,0,257,1,0,0
0,0,0,0,718,25,2,2
0,0,0,0,778,54,0,1
0,0,0,0,550,35,0,2
0,0,0,0,507,51,2,2
0,0,0,0,118,23,3,2
0,0,0,0,414,17,3,3
0,0,0,0,738,30,3,3
0,0,0,0,109,35,0,1
0,0,0,0,789,35,3,3
0,0,0,0,543,16,0,0
0,0,0,0,539,21,0,1
0,0,0,0,196,42,3,3
0,0,0,0,286,4,3,2
0,0,0,0,122,25,2,2
0,0,0,0,679,16,1,0
0,0,0,0,246,3,3,3
0,0,0,0,433,28,1,0
0,0,0,0,208,1,1,1
0,0,0,0,362,13,1,1
0,0,0,0,501,34,0,0
0,0,0,0,239,37,1,1
0,0,0,0,524,35,2,3
0,0,0,0,498,25,3,2
0,0,0,0,459,13,3,2
0,0,0,0,206,3,3,3
0,0,0,0,33,19,0,0
0,0,0,0,425,2,3,2
0,0,0,0,644,31,1,1
0,0,0,0,539,43,1,1
0,0,0,0,296,55,0,0
0,0,0,0,115,53,2,2
0,0,0,0,643,44,0,1
0,0,0,0,466,39,0,0
0,0,0,0,68,41,0,0
0,0,0,0,541,8,2,2
0,0,0,0,297,55,3,2
0,0,0,0,789,3,2,3
0,0,0,0,437,13,3,3
0,0,0,0,19,14,0,1
0,0,0,0,194,23,0,0
0,0,0,0,601,84,0,1
0,0,0,0,691,31,3,3
0,0,0,0,540,46,2,3
0,0,0,0,149,53,2,3
0,0,0,0,112,50,0,0
0,0,0,0,681,28,1,0
0,0,0,0,799,51,3,2
0,0,0,0,283,31,0,0
0,0,0,0,743,72,3,3
0,0,0,0,643,31,1,1
0,0,0,0,503,19,3,3
0,0,0,0,531,27,3,3
0,0,0,0,592,56,2,2
0,0,0,0,550,3,2,2
0,0,0,0,773,28,3,3
0,0,0,0,675,41,2,3
0,0,0,0,48,41,2,2
0,0,0,0,352,20,1,1
0,0,0,0,693,22,1,0
0,0,0,0,733,29,1,0
0,0,0,0,309,55,1,0
0,0,0,0,507,16,2,2
0,0,0,0,739,9,2,2
0,0,0,0,401,34,3,3
0,0,0,0,578,28,3,3
0,0,0,0,801,20,2,2
0,0,0,0,520,35,0,0
0,0,0,0,21,34,3,2
0,0,0,0,292,10,2,2
0,0,0,0,671,20,2,2
0,0,0,0,729,42,1,1
0,0,0,0,227,3,3,3
0,0,0,0,441,17,3,3
0,0,0,0,798,29,1,0
0,0,0,0,394,40,3,3
0,0,0,0,6,37,2,2
0,0,0,0,106,43,3,3
0,0,0,0,440,20,1,0
0,0,0,0,629,31,2,2
0,0,0,0,234,2,1,1
0,0,0,0,509,35,3,3
0,0,0,0,189,8,1,0
0,0,0,0,212,13,1,1
0,0,0,0,521,23,1,0
0,0,0,0,23,39,0,0
0,0,0,0,628,34,0,0
0,0,0,0,509,50,3,3
0,0,0,0,383,39,0,1
0,0,0,0,15,16,3,3
0,0,0,0,10,3,1,0
0,0,0,0,472,53,0,1
0,0,0,0,334,35,3,3
0,0,0,0,484,35,3,3
0,0,0,0,717,20,2,3
0,0,0,0,48,31,2,2
0,0,0,0,760,62,1,1
0,0,0,0,398,13,1,1
0,0,0,0,96,5,2,2
0,0,0,0,512,40,1,0
0,0,0,0,146,3,1,1
0,0,0,0,215,18,1,0
0,0,0,0,250,3,3,3
0,0,0,0,137,37,2,3
0,0,0,0,493,10,0,1
0,0,0,0,679,59,0,0
0,0,0,0,421,71,3,3
0,0,0,0,34,31,1,0
0,0,0,0,433,16,0,0
0,0,0,0,106,3,2,3
0,0,0,0,111,3,2,3
0,0,0,0,470,85,0,3
0,0,0,0,549,58,2,2
0,0,0,0,51,54,2,2
0,0,0,0,452,31,2,2
0,0,0,0,662,34,2,2
0,0,0,0,483,43,3,3
0,0,0,0,125,47,0,0
0,0,0,0,600,29,1,1
0,0,0,0,318,37,1,1
0,0,0,0,348,53,2,2
0,0,0,0,594,60,0,0
0,0,0,0,235,9,2,2
0,0,0,0,422,15,3,3
0,0,0,0,97,1,1,1
0,0,0,0,780,30,2,2
0,0,0,0,23,3,1,0
0,0,0,0,192,13,3,3
0,0,0,0,664,31,2,2
0,0,0,0,343,35,1,1
0,0,0,0,512,88,1,0
0,0,0,0,104,56,2,2
0,0,0,0,261,13,1,1
0,0,0,0,353,69,3,2
0,0,0,0,196,23,3,3
0,0,0,0,161,42,2,2
0,0,0,0,415,63,2,2
0,0,0,0,797,31,3,3
0,0,0,0,775,5,2,2
0,0,0,0,725,73,2,2
0,0,0,0,622,51,2,2
0,0,0,0,513,31,0,0
0,0,0,0,252,41,3,2
0,0,0,0,583,22,2,3
0,0,0,0,49,9,3,2
0,0,0,0,459,56,2,2
0,0,0,0,472,9,1,1
0,0,0,0,759,34,1,1
0,0,0,0,149,23,3,3
0,0,0,0,585,56,3,2
0,0,0,0,496,17,0,1
0,0,0,0,553,5,2,2
0,0,0,0,71,66,2,2
0,0,0,0,89,34,0,0
0,0,0,0,65,40,3,3
0,0,0,0,788,13,2,2
0,0,0,0,690,73,2,3
0,0,0,0,743,20,3,3
0,0,0,0,93,20,3,2
0,0,0,0,378,50,2,2
0,0,0,0,686,40,0,0
0,0,0,0,551,23,0,0
0,0,0,0,594,3,1,0
0,0,0,0,261,90,1,1
0,0,0,0,753,62,0,0
0,0,0,0,476,42,0,0
0,0,0,0,405,13,2,2
0,0,0,0,607,25,1,0
0,0,0,0,67,43,2,2
0,0,0,0,775,6,2,2
0,0,0,0,535,34,3,3
0,0,0,0,645,16,3,2
0,0,0,0,133,16,1,1
0,0,0,0,286,31,2,2
0,0,0,0,69,34,2,2
0,0,0,0,555,63,2,2
0,0,0,0,198,54,2,2
0,0,0,0,129,12,2,2
0,0,0,0,325,47,3,2
0,0,0,0,227,25,2,3
0,0,0,0,182,43,2,3
0,0,0,0,30,59,1,1
0,0,0,0,490,41,3,2
0,0,0,0,212,31,1,1
0,0,0,0,566,3,2,3
0,0,0,0,651,20,3,3
0,0,0,0,147,77,3,3
0,0,0,0,660,62,3,2
0,0,0,0,378,17,2,2
0,0,0,0,43,9,3,3
0,0,0,0,278,51,3,2
0,0,0,0,289,12,2,2
0,0,0,0,527,8,2,3
0,0,0,0,346,71,3,2
0,0,0,0,317,34,3,3
0,0,0,0,188,31,0,0
0,0,0,0,338,31,0,0
0,0,0,0,593,37,1,1
0,0,0,0,14,56,1,1
0,0,0,0,52,4,2,2
0,0,0,0,49,73,2,2
0,0,0,0,474,16,0,0
0,0,0,0,368,40,0,0
0,0,0,0,504,47,0,0
0,0,0,0,292,1,3,2
0,0,0,0,598,54,2,2
0,0,0,0,72,55,3,3
0,0,0,0,499,17,3,3
0,0,0,0,660,35,2,2
0,0,0,0,637,19,0,1
0,0,0,0,793,9,2,2
0,0,0,0,215,13,1,0
0,0,0,0,365,9,1,1
0,0,0,0,259,98,2,2
0,0,0,0,280,20,3,3
0,0,0,0,272,58,2,3
0,0,0,0,206,90,3,3
0,0,0,0,220,76,0,0
0,0,0,0,176,25,0,1
0,0,0,0,6,1,2,2
0,0,0,0,668,13,3,3
0,0,0,0,647,31,0,0
0,0,0,0,537,2,3,3
0,0,0,0,84,14,0,0
0,0,0,0,668,23,3,3
0,0,0,0,728,20,0,0
0,0,0,0,9,50,0,0
0,0,0,0,376,43,1,0
0,0,0,0,736,66,3,2
0,0,0,0,519,23,2,2
0,0,0,0,764,28,3,2
0,0,0,0,758,41,3,3
0,0,0,0,428,17,1,0
0,0,0,0,358,13,3,3
0,0,0,0,580,12,3,3
0,0,0,0,738,25,3,3
0,0,0,0,696,43,1,0
0,0,0,0,157,35,1,1
0,0,0,0,179,20,2,2
0,0,0,0,593,39,1,1
0,0,0,0,346,3,3,2
0,0,0,0,54,8,1,0
0,0,0,0,354,27,1,1
0,0,0,0,75,52,3,3
0,0,0,0,785,21,0,0
0,0,0,0,302,13,0,0
0,0,0,0,619,31,0,1
0,0,0,0,632,37,2,3
0,0,0,0,245,43,3,3
0,0,0,0,588,20,1,1
0,0,0,0,485,31,2,2
0,0,0,0,574,21,1,0
0,0,0,0,153,21,2,2
0,0,0,0,786,13,1,0
0,0,0,0,24,37,1,1
0,0,0,0,384,3,3,3
0,0,0,0,783,3,2,2
0,0,0,0,508,53,3,2
0,0,0,0,75,1,3,3
0,0,0,0,747,20,1,1
0,0,0,0,17,45,3,3
0,0,0,0,132,35,1,1
0,0,0,0,174,21,3,3
0,0,0,0,64,2,3,2
0,0,0,0,742,28,2,2
0,0,0,0,159,31,0,1
0,0,0,0,762,20,2,3
0,0,0,0,333,63,1,0
0,0,0,0,158,34,3,2
0,0,0,0,66,47,3,3
0,0,0,0,653,61,2,3
0,0,0,0,249,14,1,1
0,0,0,0,741,58,1,0
0,0,0,0,75,56,3,3
0,0,0,0,247,58,2,2
0,0,0,0,229,51,0,0
0,0,0,0,206,39,3,3
0,0,0,0,383,102,1,1
0,0,0,0,277,23,2,2
0,0,0,0,15,42,3,3
0,0,0,0,17,10,3,3
0,0,0,0,746,58,2,3
0,0,0,0,44,22,1,2
0,0,0,0,260,16,2,2
0,0,0,0,758,61,3,3
0,0,0,0,474,12,1,0
0,0,0,0,200,34,3,3
0,0,0,0,244,31,0,1
0,0,0,0,532,2,2,3
0,0,0,0,186,61,2,2
0,0,0,0,634,30,0,0
0,0,0,0,416,35,3,3
0,0,0,0,150,13,3,3
0,0,0,0,365,16,0,1
0,0,0,0,646,16,3,3
0,0,0,0,591,45,1,1
0,0,0,0,544,9,0,0
0,0,0,0,641,40,3,2
0,0,0,0,563,10,0,0
0,0,0,0,211,40,0,0
0,0,0,0,429,10,2,2
0,0,0,0,376,35,1,0
0,0,0,0,621,41,0,0
0,0,0,0,579,7,2,2
0,0,0,0,266,55,0,1
0,0,0,0,492,55,3,2
0,0,0,0,155,61,2,2
0,0,0,0,737,35,1,1
0,0,0,0,695,5,1,3
0,0,0,0,529,43,3,2
0,0,0,0,585,8,3,2
0,0,0,0,435,12,0,0
0,0,0,0,40,73,2,2
0,0,0,0,486,47,2,2
0,0,0,0,534,3,0,0
0,0,0,0,204,31,0,1
0,0,0,0,90,3,0,1
0,0,0,0,24,47,1,1
0,0,0,0,490,53,2,2
0,0,0,0,792,13,3,3
0,0,0,0,353,2,2,2
0,0,0,0,714,20,1,1
0,0,0,0,343,21,1,1
0,0,0,0,512,34,1,0
0,0,0,0,56,9,1,1
0,0,0,0,734,35,1,0
0,0,0,0,139,58,2,3
0,0,0,0,310,23,0,1
0,0,0,0,487,95,3,3
0,0,0,0,470,12,3,3
0,0,0,0,44,9,2,2
0,0,0,0,608,35,0,1
0,0,0,0,792,25,3,3
0,0,0,0,249,15,0,1
0,0,0,0,366,21,2,3
0,0,0,0,153,41,2,2
0,0,0,0,131,49,0,0
0,0,0,0,207,37,1,1
0,0,0,0,341,37,2,3
0,0,0,0,203,37,2,2
0,0,0,0,298,3,1,0
0,0,0,0,457,39,1,3
0,0,0,0,381,19,3,3
0,0,0,0,302,12,0,0
0,0,0,0,575,40,3,3
0,0,0,0,100,49,0,0
0,0,0,0,564,16,2,2
0,0,0,0,776,102,0,1
0,0,0,0,115,20,2,2
0,0,0,0,474,35,0,0
0,0,0,0,549,41,2,2
0,0,0,0,317,2,2,3
0,0,0,0,739,53,2,2
0,0,0,0,375,16,3,2
0,0,0,0,547,58,2,3
0,0,0,0,730,3,2,2
0,0,0,0,535,43,3,3
0,0,0,0,802,29,1,1
0,0,0,0,377,20,3,2
0,0,0,0,393,39,0,0
0,0,0,0,270,20,2,3
0,0,0,0,708,34,3,3
0,0,0,0,355,29,2,3
0,0,0,0,540,56,2,3
0,0,0,0,299,9,0,0
0,0,0,0,318,55,1,1
0,0,0,0,555,16,2,2
0,0,0,0,440,15,0,0
0,0,0,0,108,17,1,0
0,0,0,0,683,45,2,2
0,0,0,0,457,77,2,3
0,0,0,0,156,25,3,2
0,0,0,0,304,2,1,1
0,0,0,0,331,2,3,3
0,0,0,0,599,61,1,0
0,0,0,0,236,25,0,0
0,0,0,0,389,40,2,2
0,0,0,0,438,29,2,3
0,0,0,0,230,35,0,1
0,0,0,0,143,56,0,0
0,0,0,0,258,51,3,3
0,0,0,0,320,17,3,3
0,0,0,0,49,25,2,2
0,0,0,0,558,37,2,3
0,0,0,0,113,73,3,3
0,0,0,0,122,43,2,2
0,0,0,0,56,12,1,1
0,0,0,0,679,66,1,0
0,0,0,0,177,65,0,0
0,0,0,0,119,34,0,0
0,0,0,0,20,36,1,1
0,0,0,0,503,17,3,3
0,0,0,0,723,3,1,0
0,0,0,0,104,42,3,2
0,0,0,0,77,16,3,3
0,0,0,0,190,3,2,3
0,0,0,0,570,28,2,2
0,0,0,0,554,37,2,2
0,0,0,0,163,37,2,3
0,0,0,0,505,52,1,1
0,0,0,0,62,42,0,0
0,0,0,0,637,23,1,1
0,0,0,0,472,39,1,1
0,0,0,0,775,42,2,2
0,0,0,0,150,9,3,3
0,0,0,0,742,3,2,2
0,0,0,0,566,60,3,3
0,0,0,0,477,27,0,0
0,0,0,0,158,3,2,2
0,0,0,0,667,40,0,0
0,0,0,0,755,9,3,3
0,0,0,0,342,30,2,3
0,0,0,0,62,2,1,0
0,0,0,0,272,1,0,3
0,0,0,0,672,20,1,1
0,0,0,0,42,12,0,0
0,0,0,0,274,40,2,2
0,0,0,0,244,62,1,1
0,0,0,0,493,70,0,1
0,0,0,0,448,43,2,2
0,0,0,0,594,63,0,0
0,0,0,0,360,53,0,0
0,0,0,0,193,41,3,3
0,0,0,0,333,10,0,0
0,0,0,0,622,59,2,2
0,0,0,0,3,20,1,1
0,0,0,0,789,62,3,3
0,0,0,0,738,34,3,3
0,0,0,0,708,59,3,3
0,0,0,0,697,73,2,2
0,0,0,0,711,21,1,1
0,0,0,0,171,41,2,2
0,0,0,0,407,31,0,1
0,0,0,0,285,1,0,0
0,0,0,0,735,25,3,2
0,0,0,0,183,31,2,3
0,0,0,0,366,16,3,3
0,0,0,0,337,47,3,3
0,0,0,0,277,40,3,2
0,0,0,0,626,21,3,3
0,0,0,0,174,10,3,3
0,0,0,0,554,16,2,2
0,0,0,0,775,9,2,2
0,0,0,0,385,37,2,2
0,0,0,0,411,3,1,1
0,0,0,0,351,59,3,3
0,0,0,0,321,29,1,0
0,0,0,0,689,6,2,3
0,0,0,0,662,35,2,2
0,0,0,0,762,9,3,3
0,0,0,0,424,35,1,1
0,0,0,0,804,8,3,2
0,0,0,0,65,5,3,3
0,0,0,0,604,28,3,3
0,0,0,0,128,2,3,3
0,0,0,0,191,17,0,1
0,0,0,0,219,12,1,1
0,0,0,0,709,13,0,1
0,0,0,0,641,47,3,2
0,0,0,0,80,25,0,1
0,0,0,0,723,31,0,0
0,0,0,0,734,73,0,0
0,0,0,0,425,37,2,2
0,0,0,0,700,66,2,2
0,0,0,0,637,42,1,1
0,0,0,0,676,40,2,2
0,0,0,0,772,40,0,1
0,0,0,0,269,15,0,0
0,0,0,0,183,55,3,3
0,0,0,0,154,53,0,0
0,0,0,0,790,43,0,0
0,0,0,0,550,23,0,2
0,0,0,0,615,62,1,0
0,0,0,0,384,61,2,3
0,0,0,0,783,31,3,2
0,0,0,0,677,25,0,1
0,0,0,0,745,3,2,3
0,0,0,0,658,13,3,3
0,0,0,0,508,22,2,2
0,0,0,0,679,6,0,0
0,0,0,0,69,23,2,2
0,0,0,0,181,8,2,3
0,0,0,0,702,41,0,3
0,0,0,0,494,44,3,3
0,0,0,0,290,22,0,1
0,0,0,0,454,40,3,2
0,0,0,0,726,13,3,3
0,0,0,0,349,6,1,1
0,0,0,0,687,28,3,3
0,0,0,0,409,43,0,1
0,0,0,0,551,31,1,0
0,0,0,0,724,16,2,2
0,0,0,0,3,13,1,1
0,0,0,0,593,1,1,1
0,0,0,0,499,23,2,3
0,0,0,0,378,41,3,2
0,0,0,0,676,34,2,2
0,0,0,0,240,49,2,2
0,0,0,0,715,3,2,3
0,0,0,0,177,21,0,0
0,0,0,0,311,1,2,3
0,0,0,0,225,49,0,0
0,0,0,0,721,11,2,2
0,0,0,0,380,56,0,0
0,0,0,0,107,5,2,3
0,0,0,0,593,80,1,1
0,0,0,0,777,20,3,3
0,0,0,0,394,15,3,3
0,0,0,0,282,13,1,1
0,0,0,0,470,17,3,3
0,0,0,0,192,21,3,3
0,0,0,0,769,94,3,3
0,0,0,0,20,61,1,1
0,0,0,0,736,13,2,2
0,0,0,0,683,25,3,2
0,0,0,0,167,35,0,0
0,0,0,0,517,8,3,3
0,0,0,0,506,30,1,1
0,0,0,0,515,16,0,1
0,0,0,0,675,25,3,3
0,0,0,0,247,55,3,2
0,0,0,0,266,20,1,1
0,0,0,0,495,45,2,2
0,0,0,0,483,15,2,3
0,0,0,0,60,39,3,2
0,0,0,0,162,27,0,1
0,0,0,0,319,14,2,2
0,0,0,0,113,37,2,3
0,0,0,0,229,37,0,0
0,0,0,0,712,66,3,3
0,0,0,0,319,8,2,2
0,0,0,0,133,83,1,1
0,0,0,0,687,94,3,3
0,0,0,0,796,10,2,3
0,0,0,0,15,40,3,3
0,0,0,0,56,79,0,1
0,0,0,0,400,60,2,2
0,0,0,0,797,94,3,3
0,0,0,0,268,37,2,2
0,0,0,0,373,63,3,2
0,0,0,0,198,13,2,2
0,0,0,0,575,35,3,3
0,0,0,0,373,5,2,2
0,0,0,0,339,32,2,2
0,0,0,0,658,22,3,3
0,0,0,0,552,9,0,0
0,0,0,0,444,2,1,1
0,0,0,0,210,47,3,2
0,0,0,0,430,23,2,2
0,0,0,0,673,55,1,0
0,0,0,0,445,37,1,0
0,0,0,0,754,94,1,0
0,0,0,0,134,13,3,3
0,0,0,0,638,43,2,2
0,0,0,0,795,63,1,1
0,0,0,0,84,56,1,0
0,0,0,0,515,9,1,1
0,0,0,0,516,12,2,3
0,0,0,0,495,41,2,2
0,0,0,0,30,10,0,1
0,0,0,0,67,8,2,2
0,0,0,0,307,73,0,0
0,0,0,0,182,5,2,3
0,0,0,0,758,31,2,3
0,0,0,0,158,35,2,2
0,0,0,0,491,31,3,3
0,0,0,0,199,35,3,3
0,0,0,0,796,61,2,3
0,0,0,0,479,20,3,3
0,0,0,0,287,20,0,0
0,0,0,0,317,22,3,3
0,0,0,0,50,23,1,1
0,0,0,0,137,34,3,3
0,0,0,0,420,37,1,1
0,0,0,0,178,18,3,3
0,0,0,0,347,34,0,1
0,0,0,0,772,9,1,1
0,0,0,0,237,13,1,1
0,0,0,0,500,13,2,2
0,0,0,0,453,47,3,3
0,0,0,0,246,20,3,3
0,0,0,0,630,34,3,3
0,0,0,0,455,13,2,3
0,0,0,0,615,8,1,0
0,0,0,0,37,23,3,3
0,0,0,0,105,11,0,1
0,0,0,0,94,51,3,3
0,0,0,0,365,44,0,1
0,0,0,0,448,37,2,2
0,0,0,0,15,59,3,3
0,0,0,0,500,11,2,2
0,0,0,0,485,22,2,2
0,0,0,0,733,40,0,0
0,0,0,0,440,25,0,0
0,0,0,0,20,15,1,1
0,0,0,0,632,9,3,3
0,0,0,0,95,3,1,1
0,0,0,0,182,17,3,3
0,0,0,0,590,3,1,0
0,0,0,0,115,51,2,2
0,0,0,0,369,88,0,2
0,0,0,0,600,34,1,1
0,0,0,0,791,10,3,3
0,0,0,0,472,16,1,1
0,0,0,0,746,41,3,3
0,0,0,0,257,37,1,0
0,0,0,0,433,52,1,0
0,0,0,0,522,12,3,2
0,0,0,0,764,41,3,2
0,0,0,0,565,9,2,2
0,0,0,0,575,56,3,3
0,0,0,0,63,83,0,1
0,0,0,0,214,39,0,1
0,0,0,0,143,44,0,0
0,0,0,0,572,43,1,1
0,0,0,0,23,20,0,0
0,0,0,0,199,54,3,3
0,0,0,0,597,31,3,2
0,0,0,0,161,21,2,2
0,0,0,0,336,22,2,2
0,0,0,0,803,3,2,2
0,0,0,0,733,28,0,0
0,0,0,0,624,41,1,1
0,0,0,0,340,25,0,1
0,0,0,0,434,77,1,1
0,0,0,0,760,20,1,1
0,0,0,0,42,1,0,0
0,0,0,0,636,21,3,3
0,0,0,0,319,51,3,2
0,0,0,0,419,54,3,3
0,0,0,0,283,1,0,0
0,0,0,0,181,53,3,3
0,0,0,0,715,20,2,3
0,0,0,0,128,1,3,3
0,0,0,0,444,10,0,1
0,0,0,0,587,58,2,1
0,0,0,0,100,61,0,0
0,0,0,0,722,28,1,1
0,0,0,0,400,43,2,2
0,0,0,0,176,3,1,1
0,0,0,0,586,29,1,0
0,0,0,0,572,40,1,1
0,0,0,0,545,41,1,1
0,0,0,0,174,13,3,3
0,0,0,0,452,25,2,2
0,0,0,0,37,28,3,3
0,0,0,0,480,37,1,0
0,0,0,0,569,22,2,2
0,0,0,0,651,3,2,3
0,0,0,0,784,35,3,3
0,0,0,0,294,20,2,2
