worker
1
4
13
15
17
18
21
22
23
25
31
34
35
38
39
45
46
47
50
52
58
70
72
74
76
77
79
80
81
82
83
85
86
87
89
93
95
96
97
101
103
104
106
