worker
3
5
7
8
11
13
15
18
21
22
24
26
27
28
29
31
34
35
37
38
39
40
42
43
44
49
51
52
53
54
55
57
58
60
61
62
63
64
67
72
75
79
82
84
85
86
91
94
95
96
97
98
103
108
109
