day,hour,minute,second,question,worker,answer,gt
0,0,0,0,574,1,0,0
0,0,0,0,59,23,1,1
0,0,0,0,478,9,3,3
0,0,0,0,522,35,0,2
0,0,0,0,692,22,0,0
0,0,0,0,236,39,0,0
0,0,0,0,223,45,2,2
0,0,0,0,487,25,2,3
0,0,0,0,7,11,0,0
0,0,0,0,564,5,3,2
0,0,0,0,229,9,0,0
0,0,0,0,759,43,1,1
0,0,0,0,291,84,3,3
0,0,0,0,678,1,3,3
0,0,0,0,205,14,0,0
0,0,0,0,541,21,2,2
0,0,0,0,247,35,3,2
0,0,0,0,782,43,2,2
0,0,0,0,80,5,0,1
0,0,0,0,95,9,0,1
0,0,0,0,657,107,3,3
0,0,0,0,701,94,3,2
0,0,0,0,755,42,3,3
0,0,0,0,793,35,2,2
0,0,0,0,530,15,3,3
0,0,0,0,227,43,3,3
0,0,0,0,454,39,2,2
0,0,0,0,259,58,2,2
0,0,0,0,703,25,1,0
0,0,0,0,574,28,0,0
0,0,0,0,753,35,0,0
0,0,0,0,751,35,2,0
0,0,0,0,419,43,3,3
0,0,0,0,627,9,3,2
0,0,0,0,293,30,3,3
0,0,0,0,463,54,0,1
0,0,0,0,405,58,0,2
0,0,0,0,648,35,3,2
0,0,0,0,159,22,0,1
0,0,0,0,560,65,1,1
0,0,0,0,380,3,0,0
0,0,0,0,152,35,0,1
0,0,0,0,18,9,1,1
0,0,0,0,588,43,0,1
0,0,0,0,719,25,0,0
0,0,0,0,381,23,3,3
0,0,0,0,87,1,1,1
0,0,0,0,434,30,0,1
0,0,0,0,208,9,1,1
0,0,0,0,72,4,3,3
0,0,0,0,573,62,3,3
0,0,0,0,545,58,1,1
0,0,0,0,682,15,1,1
0,0,0,0,306,55,1,1
0,0,0,0,374,2,0,1
0,0,0,0,163,54,3,3
0,0,0,0,205,9,0,0
0,0,0,0,7,21,0,0
0,0,0,0,666,43,0,0
0,0,0,0,216,26,0,0
0,0,0,0,690,25,3,3
0,0,0,0,152,6,0,1
0,0,0,0,424,11,1,1
0,0,0,0,362,45,1,1
0,0,0,0,562,21,1,1
0,0,0,0,769,58,3,3
0,0,0,0,302,23,1,0
0,0,0,0,185,1,3,3
0,0,0,0,688,55,3,3
0,0,0,0,694,35,3,3
0,0,0,0,297,51,2,2
0,0,0,0,593,22,1,1
0,0,0,0,463,11,0,1
0,0,0,0,89,48,0,0
0,0,0,0,61,43,3,3
0,0,0,0,719,88,0,0
0,0,0,0,304,1,0,1
0,0,0,0,555,23,3,2
0,0,0,0,32,25,1,1
0,0,0,0,109,78,1,1
0,0,0,0,427,3,3,3
0,0,0,0,120,45,0,0
0,0,0,0,753,107,0,0
0,0,0,0,641,28,3,2
0,0,0,0,184,35,3,3
0,0,0,0,452,9,2,2
0,0,0,0,759,21,1,1
0,0,0,0,454,9,2,2
0,0,0,0,20,23,1,1
0,0,0,0,211,3,0,0
0,0,0,0,126,22,2,2
0,0,0,0,74,39,1,1
0,0,0,0,315,28,0,0
0,0,0,0,670,55,2,2
0,0,0,0,783,9,3,2
0,0,0,0,622,14,2,2
0,0,0,0,231,68,1,1
0,0,0,0,164,14,2,3
0,0,0,0,634,23,0,0
0,0,0,0,412,28,3,3
0,0,0,0,459,1,2,2
0,0,0,0,359,25,0,2
0,0,0,0,370,53,3,3
0,0,0,0,403,22,1,1
0,0,0,0,378,14,2,2
0,0,0,0,565,28,3,2
0,0,0,0,210,66,2,2
0,0,0,0,373,14,2,2
0,0,0,0,84,35,0,0
0,0,0,0,721,3,3,2
0,0,0,0,175,43,1,1
0,0,0,0,463,55,0,1
0,0,0,0,794,45,3,3
0,0,0,0,204,43,1,1
0,0,0,0,764,43,3,2
0,0,0,0,577,28,2,2
0,0,0,0,751,3,2,0
0,0,0,0,186,4,2,2
0,0,0,0,381,39,3,3
0,0,0,0,776,9,0,1
0,0,0,0,312,35,2,3
0,0,0,0,198,30,2,2
0,0,0,0,628,1,0,0
0,0,0,0,518,2,2,2
0,0,0,0,213,35,1,1
0,0,0,0,618,55,1,1
0,0,0,0,726,43,3,3
0,0,0,0,504,11,1,0
0,0,0,0,661,28,0,1
0,0,0,0,791,23,3,3
0,0,0,0,152,53,0,1
0,0,0,0,426,58,1,1
0,0,0,0,199,55,2,3
0,0,0,0,361,54,3,2
0,0,0,0,34,3,0,0
0,0,0,0,634,58,0,0
0,0,0,0,712,22,2,3
0,0,0,0,345,1,1,1
0,0,0,0,18,43,1,1
0,0,0,0,37,5,3,3
0,0,0,0,617,43,3,2
0,0,0,0,64,55,2,2
0,0,0,0,415,58,2,2
0,0,0,0,146,9,1,1
0,0,0,0,597,43,2,2
0,0,0,0,99,3,0,0
0,0,0,0,321,30,0,0
0,0,0,0,604,3,2,3
0,0,0,0,207,23,1,1
0,0,0,0,596,23,1,1
0,0,0,0,294,6,2,2
0,0,0,0,800,5,3,3
0,0,0,0,471,28,0,1
0,0,0,0,100,26,0,0
0,0,0,0,355,3,3,3
0,0,0,0,574,30,0,0
0,0,0,0,397,9,2,2
0,0,0,0,497,54,2,3
0,0,0,0,607,55,1,0
0,0,0,0,44,21,2,2
0,0,0,0,337,39,2,3
0,0,0,0,497,35,2,3
0,0,0,0,302,58,1,0
0,0,0,0,414,21,3,3
0,0,0,0,214,21,0,1
0,0,0,0,446,43,3,3
0,0,0,0,94,45,3,3
0,0,0,0,807,28,0,0
0,0,0,0,86,26,0,0
0,0,0,0,364,30,3,3
0,0,0,0,71,54,2,2
0,0,0,0,59,25,1,1
0,0,0,0,770,35,2,3
0,0,0,0,303,9,2,3
0,0,0,0,135,5,2,2
0,0,0,0,611,22,3,3
0,0,0,0,275,35,1,1
0,0,0,0,159,9,0,1
0,0,0,0,518,53,2,2
0,0,0,0,690,9,3,3
0,0,0,0,526,3,1,0
0,0,0,0,441,35,3,3
0,0,0,0,253,48,3,2
0,0,0,0,692,35,0,0
0,0,0,0,522,26,0,2
0,0,0,0,127,25,2,3
0,0,0,0,374,26,0,1
0,0,0,0,403,35,1,1
0,0,0,0,166,53,2,2
0,0,0,0,487,9,2,3
0,0,0,0,370,66,3,3
0,0,0,0,113,1,3,3
0,0,0,0,776,14,0,1
0,0,0,0,153,51,2,2
0,0,0,0,652,66,0,0
0,0,0,0,779,25,1,1
0,0,0,0,239,9,1,1
0,0,0,0,146,2,1,1
0,0,0,0,101,55,2,2
0,0,0,0,449,2,3,3
0,0,0,0,368,3,0,0
0,0,0,0,298,65,0,0
0,0,0,0,58,25,3,3
0,0,0,0,790,30,0,0
0,0,0,0,336,90,2,2
0,0,0,0,312,3,2,3
0,0,0,0,382,23,3,3
0,0,0,0,553,43,2,2
0,0,0,0,276,1,2,2
0,0,0,0,253,22,3,2
0,0,0,0,581,1,2,2
0,0,0,0,736,35,2,2
0,0,0,0,796,55,2,3
0,0,0,0,751,30,2,0
0,0,0,0,437,30,3,3
0,0,0,0,197,11,3,3
0,0,0,0,676,39,2,2
0,0,0,0,252,2,2,2
0,0,0,0,303,58,2,3
0,0,0,0,279,53,1,1
0,0,0,0,758,25,2,3
0,0,0,0,332,3,2,2
0,0,0,0,200,22,2,3
0,0,0,0,569,55,2,2
0,0,0,0,502,6,2,2
0,0,0,0,598,71,3,2
0,0,0,0,717,55,2,3
0,0,0,0,447,5,1,0
0,0,0,0,13,1,3,3
0,0,0,0,484,55,3,3
0,0,0,0,287,43,0,0
0,0,0,0,557,21,3,3
0,0,0,0,151,88,3,3
0,0,0,0,557,9,3,3
0,0,0,0,418,53,3,3
0,0,0,0,522,52,0,2
0,0,0,0,22,23,3,3
0,0,0,0,807,43,0,0
0,0,0,0,647,25,0,0
0,0,0,0,17,58,3,3
0,0,0,0,490,35,3,2
0,0,0,0,325,28,3,2
0,0,0,0,139,55,3,3
0,0,0,0,758,6,2,3
0,0,0,0,754,9,0,0
0,0,0,0,241,3,0,0
0,0,0,0,13,25,3,3
0,0,0,0,515,3,1,1
0,0,0,0,17,22,3,3
0,0,0,0,727,22,3,3
0,0,0,0,553,28,2,2
0,0,0,0,94,15,3,3
0,0,0,0,180,26,3,3
0,0,0,0,522,23,0,2
0,0,0,0,132,52,1,1
0,0,0,0,496,43,0,1
0,0,0,0,422,5,3,3
0,0,0,0,306,14,1,1
0,0,0,0,174,1,3,3
0,0,0,0,76,3,3,3
0,0,0,0,516,39,3,3
0,0,0,0,521,35,1,0
0,0,0,0,511,3,0,0
0,0,0,0,37,58,3,3
0,0,0,0,229,1,0,0
0,0,0,0,656,43,2,3
0,0,0,0,517,35,3,3
0,0,0,0,492,22,2,2
0,0,0,0,801,9,2,2
0,0,0,0,418,58,3,3
0,0,0,0,73,35,1,1
0,0,0,0,642,58,1,0
0,0,0,0,44,66,2,2
0,0,0,0,702,3,3,3
0,0,0,0,210,54,2,2
0,0,0,0,562,1,1,1
0,0,0,0,515,11,1,1
0,0,0,0,567,21,1,1
0,0,0,0,682,1,1,1
0,0,0,0,35,25,3,3
0,0,0,0,371,9,0,0
0,0,0,0,359,1,0,2
0,0,0,0,293,3,3,3
0,0,0,0,433,5,0,0
0,0,0,0,643,15,0,1
0,0,0,0,165,55,1,0
0,0,0,0,785,22,0,0
0,0,0,0,587,43,1,1
0,0,0,0,210,94,2,2
0,0,0,0,421,25,3,3
0,0,0,0,520,9,0,0
0,0,0,0,630,15,2,3
0,0,0,0,606,3,1,1
0,0,0,0,771,3,2,2
0,0,0,0,735,3,2,2
0,0,0,0,588,35,0,1
0,0,0,0,252,39,2,2
0,0,0,0,108,25,0,0
0,0,0,0,592,43,2,2
0,0,0,0,701,3,3,2
0,0,0,0,105,58,1,1
0,0,0,0,504,51,1,0
0,0,0,0,154,90,1,0
0,0,0,0,655,55,1,0
0,0,0,0,418,55,3,3
0,0,0,0,478,42,3,3
0,0,0,0,409,15,1,1
0,0,0,0,709,22,1,1
0,0,0,0,418,3,3,3
0,0,0,0,632,1,3,3
0,0,0,0,365,22,1,1
0,0,0,0,608,6,1,1
0,0,0,0,366,43,3,3
0,0,0,0,311,58,3,3
0,0,0,0,354,5,0,1
0,0,0,0,755,23,3,3
0,0,0,0,431,35,2,3
0,0,0,0,26,4,3,3
0,0,0,0,686,55,0,0
0,0,0,0,666,22,0,0
0,0,0,0,490,22,3,2
0,0,0,0,33,21,0,0
0,0,0,0,490,58,3,2
0,0,0,0,46,43,0,0
0,0,0,0,447,35,1,0
0,0,0,0,21,2,2,2
0,0,0,0,275,1,1,1
0,0,0,0,1,2,3,3
0,0,0,0,431,43,2,3
0,0,0,0,36,70,3,3
0,0,0,0,355,9,3,3
0,0,0,0,627,3,3,2
0,0,0,0,791,43,3,3
0,0,0,0,183,33,3,3
0,0,0,0,509,51,2,3
0,0,0,0,411,66,0,1
0,0,0,0,670,22,2,2
0,0,0,0,427,42,3,3
0,0,0,0,200,52,2,3
0,0,0,0,548,25,3,2
0,0,0,0,286,21,2,2
0,0,0,0,647,21,0,0
0,0,0,0,11,39,0,0
0,0,0,0,204,35,1,1
0,0,0,0,255,9,3,2
0,0,0,0,790,22,0,0
0,0,0,0,287,3,0,0
0,0,0,0,287,11,0,0
0,0,0,0,304,90,0,1
0,0,0,0,692,51,0,0
0,0,0,0,378,6,2,2
0,0,0,0,257,90,1,0
0,0,0,0,231,35,1,1
0,0,0,0,580,15,3,3
0,0,0,0,586,25,0,0
0,0,0,0,546,3,2,2
0,0,0,0,437,9,3,3
0,0,0,0,629,5,3,2
0,0,0,0,766,28,0,0
0,0,0,0,113,52,3,3
0,0,0,0,511,28,0,0
0,0,0,0,179,1,3,2
0,0,0,0,110,45,2,2
0,0,0,0,32,9,1,1
0,0,0,0,720,54,2,1
0,0,0,0,295,14,1,0
0,0,0,0,388,14,1,1
0,0,0,0,216,1,0,0
0,0,0,0,726,5,3,3
0,0,0,0,287,9,0,0
0,0,0,0,506,43,1,1
0,0,0,0,36,28,3,3
0,0,0,0,726,39,3,3
0,0,0,0,171,55,2,2
0,0,0,0,496,35,0,1
0,0,0,0,448,58,3,2
0,0,0,0,557,65,3,3
0,0,0,0,332,58,2,2
0,0,0,0,791,22,3,3
0,0,0,0,508,35,2,2
0,0,0,0,318,3,0,1
0,0,0,0,731,9,3,3
0,0,0,0,424,14,1,1
0,0,0,0,752,35,0,0
0,0,0,0,189,14,0,0
0,0,0,0,562,22,1,1
0,0,0,0,800,21,3,3
0,0,0,0,301,1,3,3
0,0,0,0,672,51,1,1
0,0,0,0,378,23,2,2
0,0,0,0,91,22,1,1
0,0,0,0,579,9,2,2
0,0,0,0,533,53,3,3
0,0,0,0,273,54,3,3
0,0,0,0,562,43,1,1
0,0,0,0,126,9,2,2
0,0,0,0,146,21,1,1
0,0,0,0,489,1,2,2
0,0,0,0,512,45,1,0
0,0,0,0,189,3,0,0
0,0,0,0,390,39,2,3
0,0,0,0,778,30,1,1
0,0,0,0,648,51,3,2
0,0,0,0,240,2,2,2
0,0,0,0,156,3,2,2
0,0,0,0,97,90,1,1
0,0,0,0,99,35,0,0
0,0,0,0,282,6,1,1
0,0,0,0,682,30,1,1
0,0,0,0,298,25,0,0
0,0,0,0,496,9,0,1
0,0,0,0,201,3,3,2
0,0,0,0,18,3,1,1
0,0,0,0,163,22,3,3
0,0,0,0,46,2,0,0
0,0,0,0,212,58,0,1
0,0,0,0,609,22,1,0
0,0,0,0,781,45,1,1
0,0,0,0,65,39,2,3
0,0,0,0,374,62,0,1
0,0,0,0,769,28,3,3
0,0,0,0,287,1,0,0
0,0,0,0,553,54,2,2
0,0,0,0,573,15,3,3
0,0,0,0,726,6,3,3
0,0,0,0,327,53,0,0
0,0,0,0,3,22,1,1
0,0,0,0,478,43,3,3
0,0,0,0,8,23,0,0
0,0,0,0,609,9,1,0
0,0,0,0,191,11,1,1
0,0,0,0,536,14,1,1
0,0,0,0,495,15,3,2
0,0,0,0,556,1,2,2
0,0,0,0,633,45,3,3
0,0,0,0,546,2,2,2
0,0,0,0,417,43,0,0
0,0,0,0,1,9,3,3
0,0,0,0,282,65,1,1
0,0,0,0,491,11,3,3
0,0,0,0,509,21,2,3
0,0,0,0,630,35,2,3
0,0,0,0,586,58,0,0
0,0,0,0,1,1,3,3
0,0,0,0,427,2,3,3
0,0,0,0,107,22,3,3
0,0,0,0,676,35,2,2
0,0,0,0,386,9,2,2
0,0,0,0,179,42,3,2
0,0,0,0,440,65,1,0
0,0,0,0,145,22,0,0
0,0,0,0,675,11,3,3
0,0,0,0,647,3,0,0
0,0,0,0,272,42,0,3
0,0,0,0,103,25,1,1
0,0,0,0,24,65,0,1
0,0,0,0,499,39,3,3
0,0,0,0,718,58,2,2
0,0,0,0,757,21,0,1
0,0,0,0,570,42,2,2
0,0,0,0,32,11,1,1
0,0,0,0,223,1,2,2
0,0,0,0,397,15,2,2
0,0,0,0,467,53,2,2
0,0,0,0,328,74,0,3
0,0,0,0,299,6,0,0
0,0,0,0,226,62,2,2
0,0,0,0,424,9,1,1
0,0,0,0,743,22,3,3
0,0,0,0,507,55,2,2
0,0,0,0,561,35,1,1
0,0,0,0,462,14,3,3
0,0,0,0,295,35,1,0
0,0,0,0,119,9,0,0
0,0,0,0,87,39,1,1
0,0,0,0,574,14,0,0
0,0,0,0,436,22,3,3
0,0,0,0,281,26,0,0
0,0,0,0,388,51,1,1
0,0,0,0,27,23,3,3
0,0,0,0,44,43,2,2
0,0,0,0,721,25,3,2
0,0,0,0,621,35,0,0
0,0,0,0,349,51,1,1
0,0,0,0,471,58,0,1
0,0,0,0,433,43,0,0
0,0,0,0,357,62,0,0
0,0,0,0,714,28,1,1
0,0,0,0,59,51,1,1
0,0,0,0,83,2,0,0
0,0,0,0,770,9,2,3
0,0,0,0,171,15,2,2
0,0,0,0,153,11,2,2
0,0,0,0,444,51,1,1
0,0,0,0,515,94,1,1
0,0,0,0,25,58,3,2
0,0,0,0,456,1,2,2
0,0,0,0,357,53,0,0
0,0,0,0,772,22,1,1
0,0,0,0,434,35,0,1
0,0,0,0,516,66,3,3
0,0,0,0,342,42,2,3
0,0,0,0,297,3,2,2
0,0,0,0,220,23,0,0
0,0,0,0,271,11,3,3
0,0,0,0,361,43,3,2
0,0,0,0,639,23,3,3
0,0,0,0,401,52,3,3
0,0,0,0,161,9,2,2
0,0,0,0,247,5,3,2
0,0,0,0,799,9,2,2
0,0,0,0,460,9,1,1
0,0,0,0,799,35,2,2
0,0,0,0,794,21,3,3
0,0,0,0,605,3,3,2
0,0,0,0,18,26,1,1
0,0,0,0,743,58,3,3
0,0,0,0,329,23,3,3
0,0,0,0,769,22,3,3
0,0,0,0,733,30,0,0
0,0,0,0,359,48,0,2
0,0,0,0,701,51,3,2
0,0,0,0,208,53,1,1
0,0,0,0,422,4,3,3
0,0,0,0,126,39,2,2
0,0,0,0,466,23,1,0
0,0,0,0,773,54,3,3
0,0,0,0,180,48,3,3
0,0,0,0,506,26,1,1
0,0,0,0,606,90,1,1
0,0,0,0,236,21,0,0
0,0,0,0,290,45,0,1
0,0,0,0,784,54,3,3
0,0,0,0,66,39,3,3
0,0,0,0,644,21,1,1
0,0,0,0,2,1,2,2
0,0,0,0,542,28,2,2
0,0,0,0,800,23,3,3
0,0,0,0,276,23,2,2
0,0,0,0,30,22,0,1
0,0,0,0,616,15,0,0
0,0,0,0,269,1,0,0
0,0,0,0,708,3,3,3
0,0,0,0,709,3,1,1
0,0,0,0,354,55,0,1
0,0,0,0,442,43,3,3
0,0,0,0,60,9,3,2
0,0,0,0,328,3,0,3
0,0,0,0,7,43,0,0
0,0,0,0,183,1,3,3
0,0,0,0,5,25,3,3
0,0,0,0,544,5,1,0
0,0,0,0,110,9,2,2
0,0,0,0,684,43,0,0
0,0,0,0,604,5,2,3
0,0,0,0,724,22,2,2
0,0,0,0,288,28,1,0
0,0,0,0,419,21,3,3
0,0,0,0,395,48,1,1
0,0,0,0,11,3,0,0
0,0,0,0,198,94,2,2
0,0,0,0,753,43,0,0
0,0,0,0,314,54,0,0
0,0,0,0,258,23,3,3
0,0,0,0,713,45,3,3
0,0,0,0,213,1,1,1
0,0,0,0,148,3,2,2
0,0,0,0,420,9,0,1
0,0,0,0,11,5,0,0
0,0,0,0,588,28,0,1
0,0,0,0,349,42,1,1
0,0,0,0,509,39,2,3
0,0,0,0,605,35,3,2
0,0,0,0,610,66,1,1
0,0,0,0,351,22,2,3
0,0,0,0,135,35,2,2
0,0,0,0,229,55,0,0
0,0,0,0,46,23,0,0
0,0,0,0,734,5,1,0
0,0,0,0,460,45,1,1
0,0,0,0,603,9,2,3
0,0,0,0,765,25,2,2
0,0,0,0,513,28,1,0
0,0,0,0,570,4,2,2
0,0,0,0,126,1,2,2
0,0,0,0,597,53,2,2
0,0,0,0,386,43,2,2
0,0,0,0,749,21,2,2
0,0,0,0,693,21,1,0
0,0,0,0,439,51,1,1
0,0,0,0,203,9,2,2
0,0,0,0,548,28,3,2
0,0,0,0,374,21,0,1
0,0,0,0,191,39,1,1
0,0,0,0,608,15,1,1
0,0,0,0,356,51,1,0
0,0,0,0,439,55,1,1
0,0,0,0,782,25,2,2
0,0,0,0,152,9,0,1
0,0,0,0,123,2,2,2
0,0,0,0,624,4,0,1
0,0,0,0,338,48,1,0
0,0,0,0,444,21,1,1
0,0,0,0,144,3,1,1
0,0,0,0,660,43,2,2
0,0,0,0,658,43,3,3
0,0,0,0,666,55,0,0
0,0,0,0,698,6,1,0
0,0,0,0,335,28,0,0
0,0,0,0,358,21,3,3
0,0,0,0,671,43,2,2
0,0,0,0,326,28,2,2
0,0,0,0,692,3,0,0
0,0,0,0,747,58,1,1
0,0,0,0,197,90,3,3
0,0,0,0,677,35,1,1
0,0,0,0,784,28,3,3
0,0,0,0,288,43,1,0
0,0,0,0,699,3,0,0
0,0,0,0,406,70,1,1
0,0,0,0,497,4,2,3
0,0,0,0,152,43,0,1
0,0,0,0,54,9,0,0
0,0,0,0,264,53,1,1
0,0,0,0,681,14,1,0
0,0,0,0,19,3,0,1
0,0,0,0,32,15,1,1
0,0,0,0,81,15,1,1
0,0,0,0,639,35,3,3
0,0,0,0,579,53,2,2
0,0,0,0,55,43,3,2
0,0,0,0,95,2,0,1
0,0,0,0,398,91,0,1
0,0,0,0,281,3,0,0
0,0,0,0,241,58,0,0
0,0,0,0,88,42,1,1
0,0,0,0,695,43,2,3
0,0,0,0,386,39,2,2
0,0,0,0,212,3,0,1
0,0,0,0,139,3,3,3
0,0,0,0,184,62,3,3
0,0,0,0,345,25,1,1
0,0,0,0,699,6,0,0
0,0,0,0,290,21,0,1
0,0,0,0,261,11,0,1
0,0,0,0,614,21,2,2
0,0,0,0,680,53,3,3
0,0,0,0,729,58,1,1
0,0,0,0,684,21,0,0
0,0,0,0,202,43,2,2
0,0,0,0,601,22,1,1
0,0,0,0,707,22,2,2
0,0,0,0,596,51,1,1
0,0,0,0,147,2,3,3
0,0,0,0,635,54,3,3
0,0,0,0,212,43,0,1
0,0,0,0,580,51,3,3
0,0,0,0,626,23,2,3
0,0,0,0,750,22,0,1
0,0,0,0,330,2,0,0
0,0,0,0,71,15,2,2
0,0,0,0,155,22,2,2
0,0,0,0,265,35,3,3
0,0,0,0,773,9,3,3
0,0,0,0,41,30,2,2
0,0,0,0,603,2,2,3
0,0,0,0,277,15,3,2
0,0,0,0,85,43,1,1
0,0,0,0,720,14,2,1
0,0,0,0,753,28,0,0
0,0,0,0,252,54,2,2
0,0,0,0,717,14,2,3
0,0,0,0,431,6,2,3
0,0,0,0,405,43,0,2
0,0,0,0,117,28,2,2
0,0,0,0,678,88,3,3
0,0,0,0,265,70,3,3
0,0,0,0,792,55,3,3
0,0,0,0,384,28,3,3
0,0,0,0,755,84,3,3
0,0,0,0,88,55,1,1
0,0,0,0,710,58,3,3
0,0,0,0,598,9,3,2
0,0,0,0,258,25,3,3
0,0,0,0,506,9,1,1
0,0,0,0,439,33,1,1
0,0,0,0,479,1,3,3
0,0,0,0,711,66,0,1
0,0,0,0,624,35,0,1
0,0,0,0,154,55,1,0
0,0,0,0,761,26,2,2
0,0,0,0,295,58,1,0
0,0,0,0,59,53,1,1
0,0,0,0,8,46,0,0
0,0,0,0,670,3,2,2
0,0,0,0,104,25,2,2
0,0,0,0,267,100,3,2
0,0,0,0,113,3,3,3
0,0,0,0,802,25,0,1
0,0,0,0,500,22,2,2
0,0,0,0,569,65,2,2
0,0,0,0,195,55,3,3
0,0,0,0,709,35,1,1
0,0,0,0,804,14,3,2
0,0,0,0,245,23,3,3
0,0,0,0,160,58,0,1
0,0,0,0,751,58,2,0
0,0,0,0,35,4,3,3
0,0,0,0,78,21,3,3
0,0,0,0,600,11,0,1
0,0,0,0,202,22,2,2
0,0,0,0,284,51,0,1
0,0,0,0,68,39,0,0
0,0,0,0,113,23,3,3
0,0,0,0,138,35,2,2
0,0,0,0,361,5,3,2
0,0,0,0,328,23,0,3
0,0,0,0,108,9,0,0
0,0,0,0,241,5,0,0
0,0,0,0,350,51,0,1
0,0,0,0,580,1,3,3
0,0,0,0,416,3,3,3
0,0,0,0,56,5,0,1
0,0,0,0,267,43,3,2
0,0,0,0,805,62,2,2
0,0,0,0,688,58,3,3
0,0,0,0,464,3,2,2
0,0,0,0,492,11,2,2
0,0,0,0,327,22,0,0
0,0,0,0,441,25,3,3
0,0,0,0,389,21,2,2
0,0,0,0,449,46,3,3
0,0,0,0,508,43,2,2
0,0,0,0,458,43,0,0
0,0,0,0,803,28,3,2
0,0,0,0,680,88,3,3
0,0,0,0,251,43,0,1
0,0,0,0,414,43,3,3
0,0,0,0,792,45,3,3
0,0,0,0,356,54,1,0
0,0,0,0,539,23,1,1
0,0,0,0,618,3,1,1
0,0,0,0,83,26,0,0
0,0,0,0,710,3,3,3
0,0,0,0,474,28,1,0
0,0,0,0,316,22,1,1
0,0,0,0,732,35,3,3
0,0,0,0,79,28,2,2
0,0,0,0,745,58,3,3
0,0,0,0,780,5,3,2
0,0,0,0,180,4,3,3
0,0,0,0,197,91,3,3
0,0,0,0,542,9,2,2
0,0,0,0,640,84,1,0
0,0,0,0,807,25,0,0
0,0,0,0,645,9,3,2
0,0,0,0,278,9,2,2
0,0,0,0,765,43,2,2
0,0,0,0,645,42,3,2
0,0,0,0,268,21,2,2
0,0,0,0,669,21,3,2
0,0,0,0,714,22,1,1
0,0,0,0,31,9,2,2
0,0,0,0,794,66,3,3
0,0,0,0,166,21,2,2
0,0,0,0,433,9,0,0
0,0,0,0,92,43,0,0
0,0,0,0,532,21,3,3
0,0,0,0,387,3,1,1
0,0,0,0,166,9,2,2
0,0,0,0,717,54,2,3
0,0,0,0,364,22,2,3
0,0,0,0,45,53,1,0
0,0,0,0,789,9,3,3
0,0,0,0,516,21,3,3
0,0,0,0,488,39,0,0
0,0,0,0,650,43,3,2
0,0,0,0,161,35,2,2
0,0,0,0,632,3,3,3
0,0,0,0,138,11,2,2
0,0,0,0,714,35,1,1
0,0,0,0,255,21,3,2
0,0,0,0,697,25,2,2
0,0,0,0,31,35,2,2
0,0,0,0,762,28,3,3
0,0,0,0,753,55,0,0
0,0,0,0,96,3,2,2
0,0,0,0,391,9,3,3
0,0,0,0,690,22,3,3
0,0,0,0,429,25,2,2
0,0,0,0,241,22,0,0
0,0,0,0,301,35,3,3
0,0,0,0,664,43,2,2
0,0,0,0,683,21,3,2
0,0,0,0,660,54,2,2
0,0,0,0,684,3,0,0
0,0,0,0,629,58,3,2
0,0,0,0,707,15,2,2
0,0,0,0,526,53,1,0
0,0,0,0,355,28,3,3
0,0,0,0,404,74,3,3
0,0,0,0,523,58,0,0
0,0,0,0,541,3,2,2
0,0,0,0,730,11,2,2
0,0,0,0,502,3,2,2
0,0,0,0,485,14,2,2
0,0,0,0,262,5,2,2
0,0,0,0,636,43,3,3
0,0,0,0,162,48,1,1
0,0,0,0,435,2,0,0
0,0,0,0,438,5,2,3
0,0,0,0,586,35,0,0
0,0,0,0,156,22,2,2
0,0,0,0,155,3,2,2
0,0,0,0,776,42,0,1
0,0,0,0,353,22,2,2
0,0,0,0,477,1,1,0
0,0,0,0,591,53,1,1
0,0,0,0,555,1,3,2
0,0,0,0,218,6,2,2
0,0,0,0,351,55,2,3
0,0,0,0,486,3,2,2
0,0,0,0,683,54,3,2
0,0,0,0,363,15,3,3
0,0,0,0,715,25,2,3
0,0,0,0,334,43,3,3
0,0,0,0,526,25,1,0
0,0,0,0,151,11,3,3
0,0,0,0,774,21,1,0
0,0,0,0,116,1,2,3
0,0,0,0,368,1,0,0
0,0,0,0,104,6,2,2
0,0,0,0,623,55,0,0
0,0,0,0,334,28,3,3
0,0,0,0,394,5,2,3
0,0,0,0,207,39,1,1
0,0,0,0,786,58,0,0
0,0,0,0,73,1,1,1
0,0,0,0,718,22,2,2
0,0,0,0,588,23,0,1
0,0,0,0,240,54,2,2
0,0,0,0,537,9,2,3
0,0,0,0,654,3,1,1
0,0,0,0,273,52,3,3
0,0,0,0,341,3,3,3
0,0,0,0,207,58,1,1
0,0,0,0,223,6,2,2
0,0,0,0,748,55,0,0
0,0,0,0,593,15,1,1
0,0,0,0,400,35,2,2
0,0,0,0,142,1,2,2
0,0,0,0,497,43,2,3
0,0,0,0,397,3,2,2
0,0,0,0,639,3,3,3
0,0,0,0,459,55,2,2
0,0,0,0,283,2,0,0
0,0,0,0,612,9,0,0
0,0,0,0,677,42,1,1
0,0,0,0,23,48,0,0
0,0,0,0,82,88,2,2
0,0,0,0,523,30,0,0
0,0,0,0,407,2,0,1
0,0,0,0,58,28,3,3
0,0,0,0,540,39,3,3
0,0,0,0,783,84,3,2
0,0,0,0,242,3,2,2
0,0,0,0,61,62,3,3
0,0,0,0,328,62,0,3
0,0,0,0,506,5,1,1
0,0,0,0,702,14,3,3
0,0,0,0,429,23,2,2
0,0,0,0,141,3,3,3
0,0,0,0,29,35,3,3
0,0,0,0,505,96,1,1
0,0,0,0,154,21,1,0
0,0,0,0,529,53,2,2
0,0,0,0,350,14,0,1
0,0,0,0,778,43,1,1
0,0,0,0,164,58,2,3
0,0,0,0,758,30,2,3
0,0,0,0,324,9,3,3
0,0,0,0,413,1,2,3
0,0,0,0,716,51,1,1
0,0,0,0,114,25,2,2
0,0,0,0,96,83,2,2
0,0,0,0,685,3,1,1
0,0,0,0,713,25,3,3
0,0,0,0,678,54,3,3
0,0,0,0,681,22,1,0
0,0,0,0,750,58,0,1
0,0,0,0,323,1,2,2
0,0,0,0,644,2,1,1
0,0,0,0,682,22,1,1
0,0,0,0,278,43,2,2
0,0,0,0,659,9,3,3
0,0,0,0,720,43,2,1
0,0,0,0,696,3,1,0
0,0,0,0,61,51,3,3
0,0,0,0,205,66,0,0
0,0,0,0,423,2,0,0
0,0,0,0,526,39,1,0
0,0,0,0,109,3,1,1
0,0,0,0,188,2,1,0
0,0,0,0,779,66,1,1
0,0,0,0,148,9,2,2
0,0,0,0,613,39,1,0
0,0,0,0,283,21,0,0
0,0,0,0,208,3,1,1
0,0,0,0,687,35,3,3
0,0,0,0,352,25,0,1
0,0,0,0,669,3,3,2
0,0,0,0,612,52,0,0
0,0,0,0,577,9,2,2
0,0,0,0,160,66,0,1
0,0,0,0,157,65,1,1
0,0,0,0,15,43,2,3
0,0,0,0,201,14,3,2
0,0,0,0,622,3,2,2
0,0,0,0,750,35,0,1
0,0,0,0,79,23,2,2
0,0,0,0,238,3,2,2
0,0,0,0,768,84,2,2
0,0,0,0,732,43,3,3
0,0,0,0,799,3,2,2
0,0,0,0,148,1,2,2
0,0,0,0,630,43,2,3
0,0,0,0,84,25,0,0
0,0,0,0,631,45,2,2
0,0,0,0,705,30,2,2
0,0,0,0,482,88,3,3
0,0,0,0,270,11,2,3
0,0,0,0,365,1,1,1
0,0,0,0,327,25,0,0
0,0,0,0,538,9,3,3
0,0,0,0,239,58,1,1
0,0,0,0,423,90,0,0
0,0,0,0,729,43,1,1
0,0,0,0,268,55,2,2
0,0,0,0,154,43,1,0
0,0,0,0,739,58,3,2
0,0,0,0,331,3,3,3
0,0,0,0,39,5,2,3
0,0,0,0,485,58,2,2
0,0,0,0,20,11,1,1
0,0,0,0,110,21,2,2
0,0,0,0,87,28,1,1
0,0,0,0,672,23,1,1
0,0,0,0,187,5,3,3
0,0,0,0,96,25,2,2
0,0,0,0,226,9,2,2
0,0,0,0,239,35,1,1
0,0,0,0,310,45,1,1
0,0,0,0,787,42,1,1
0,0,0,0,609,3,1,0
0,0,0,0,642,54,1,0
0,0,0,0,490,39,3,2
0,0,0,0,106,42,3,3
0,0,0,0,157,9,1,1
0,0,0,0,586,23,0,0
0,0,0,0,12,2,0,1
0,0,0,0,785,35,0,0
0,0,0,0,147,1,3,3
0,0,0,0,384,9,3,3
0,0,0,0,585,5,3,2
0,0,0,0,535,55,3,3
0,0,0,0,723,9,0,0
0,0,0,0,17,39,3,3
0,0,0,0,649,5,3,3
0,0,0,0,412,35,3,3
0,0,0,0,49,35,3,2
0,0,0,0,381,58,3,3
0,0,0,0,802,30,0,1
0,0,0,0,379,43,3,2
0,0,0,0,270,35,2,3
0,0,0,0,450,2,3,3
0,0,0,0,293,25,3,3
0,0,0,0,621,21,0,0
0,0,0,0,193,23,3,3
0,0,0,0,711,51,0,1
0,0,0,0,372,21,2,3
0,0,0,0,142,22,2,2
0,0,0,0,281,51,0,0
0,0,0,0,115,1,3,2
0,0,0,0,447,45,2,0
0,0,0,0,736,6,2,2
0,0,0,0,566,2,2,3
0,0,0,0,772,3,1,1
0,0,0,0,410,35,0,0
0,0,0,0,57,45,0,3
0,0,0,0,223,3,2,2
0,0,0,0,691,43,3,3
0,0,0,0,584,43,3,3
0,0,0,0,494,45,3,3
0,0,0,0,89,58,0,0
0,0,0,0,41,1,2,2
0,0,0,0,33,58,1,0
0,0,0,0,25,2,3,2
0,0,0,0,1,4,3,3
0,0,0,0,414,28,3,3
0,0,0,0,472,3,1,1
0,0,0,0,181,80,3,3
0,0,0,0,610,28,1,1
0,0,0,0,529,55,2,2
0,0,0,0,66,25,3,3
0,0,0,0,344,3,2,2
0,0,0,0,120,28,0,0
0,0,0,0,184,90,3,3
0,0,0,0,661,39,0,1
0,0,0,0,90,4,0,1
0,0,0,0,224,65,0,0
0,0,0,0,127,91,2,3
0,0,0,0,64,23,2,2
0,0,0,0,429,28,2,2
0,0,0,0,518,1,2,2
0,0,0,0,514,71,2,2
0,0,0,0,336,5,2,2
0,0,0,0,310,22,1,1
0,0,0,0,571,94,2,2
0,0,0,0,804,88,2,2
0,0,0,0,661,53,0,1
0,0,0,0,704,54,3,3
0,0,0,0,367,2,1,1
0,0,0,0,774,28,1,0
0,0,0,0,374,9,0,1
0,0,0,0,478,15,3,3
0,0,0,0,553,2,2,2
0,0,0,0,715,5,2,3
0,0,0,0,22,22,3,3
0,0,0,0,781,58,1,1
0,0,0,0,51,39,3,2
0,0,0,0,2,11,2,2
0,0,0,0,634,66,0,0
0,0,0,0,357,90,0,0
0,0,0,0,426,28,1,1
0,0,0,0,659,25,3,3
0,0,0,0,389,9,2,2
0,0,0,0,437,53,3,3
0,0,0,0,132,62,1,1
0,0,0,0,366,51,3,3
0,0,0,0,302,71,1,0
0,0,0,0,778,35,1,1
0,0,0,0,301,39,3,3
0,0,0,0,267,48,3,2
0,0,0,0,599,4,1,0
0,0,0,0,289,62,2,2
0,0,0,0,70,58,2,2
0,0,0,0,315,35,0,0
0,0,0,0,592,15,2,2
0,0,0,0,64,35,2,2
0,0,0,0,801,28,2,2
0,0,0,0,239,28,1,1
0,0,0,0,638,2,2,2
0,0,0,0,292,28,2,2
0,0,0,0,180,3,3,3
0,0,0,0,486,70,2,2
0,0,0,0,375,4,3,2
0,0,0,0,730,1,2,2
0,0,0,0,715,42,2,3
0,0,0,0,360,11,0,0
0,0,0,0,237,5,0,1
0,0,0,0,706,3,0,0
0,0,0,0,725,35,2,2
0,0,0,0,67,55,2,2
0,0,0,0,489,39,2,2
0,0,0,0,440,5,1,0
0,0,0,0,807,3,0,0
0,0,0,0,24,62,0,1
0,0,0,0,512,66,1,0
0,0,0,0,632,43,3,3
0,0,0,0,513,3,1,0
0,0,0,0,92,58,0,0
0,0,0,0,758,9,2,3
0,0,0,0,288,2,1,0
0,0,0,0,67,11,2,2
0,0,0,0,578,42,2,3
0,0,0,0,723,28,0,0
0,0,0,0,502,53,2,2
0,0,0,0,174,35,3,3
0,0,0,0,104,22,2,2
0,0,0,0,379,35,3,2
0,0,0,0,564,35,3,2
0,0,0,0,48,14,2,2
0,0,0,0,168,2,0,0
0,0,0,0,792,14,3,3
0,0,0,0,108,42,0,0
0,0,0,0,568,43,3,2
0,0,0,0,390,35,2,3
0,0,0,0,605,43,3,2
0,0,0,0,308,23,1,1
0,0,0,0,563,14,0,0
0,0,0,0,226,21,2,2
0,0,0,0,797,58,2,3
0,0,0,0,719,43,0,0
0,0,0,0,722,23,0,1
0,0,0,0,387,54,1,1
0,0,0,0,475,23,0,0
0,0,0,0,71,35,2,2
0,0,0,0,256,1,1,1
0,0,0,0,286,55,2,2
0,0,0,0,717,22,2,3
0,0,0,0,283,90,0,0
0,0,0,0,697,14,2,2
0,0,0,0,250,39,3,3
0,0,0,0,375,21,3,2
0,0,0,0,269,53,0,0
0,0,0,0,463,35,0,1
0,0,0,0,55,35,3,2
0,0,0,0,485,53,2,2
0,0,0,0,653,11,3,3
0,0,0,0,500,14,2,2
0,0,0,0,36,51,3,3
0,0,0,0,602,80,2,2
0,0,0,0,314,11,0,0
0,0,0,0,136,25,1,1
0,0,0,0,493,3,0,1
0,0,0,0,767,28,1,1
0,0,0,0,419,9,3,3
0,0,0,0,495,5,3,2
0,0,0,0,22,35,3,3
0,0,0,0,17,21,3,3
0,0,0,0,326,35,2,2
0,0,0,0,334,26,3,3
0,0,0,0,320,43,3,3
0,0,0,0,694,9,3,3
0,0,0,0,257,52,1,0
0,0,0,0,540,3,3,3
0,0,0,0,52,39,2,2
0,0,0,0,705,1,2,2
0,0,0,0,500,28,2,2
0,0,0,0,25,22,3,2
0,0,0,0,189,6,0,0
0,0,0,0,673,9,0,0
0,0,0,0,75,5,3,3
0,0,0,0,294,45,2,2
0,0,0,0,6,25,3,2
0,0,0,0,636,35,3,3
0,0,0,0,613,4,1,0
0,0,0,0,43,48,3,3
0,0,0,0,421,43,3,3
0,0,0,0,125,30,0,0
0,0,0,0,567,9,1,1
0,0,0,0,475,90,0,0
0,0,0,0,9,35,0,0
0,0,0,0,541,4,2,2
0,0,0,0,552,55,0,0
0,0,0,0,629,62,3,2
0,0,0,0,776,11,0,1
0,0,0,0,650,2,3,2
0,0,0,0,719,9,0,0
0,0,0,0,137,35,3,3
0,0,0,0,798,55,0,0
0,0,0,0,360,35,0,0
0,0,0,0,250,43,3,3
0,0,0,0,459,6,2,2
0,0,0,0,441,9,3,3
0,0,0,0,115,3,3,2
0,0,0,0,745,9,3,3
0,0,0,0,182,35,0,3
0,0,0,0,66,68,3,3
0,0,0,0,354,62,0,1
0,0,0,0,537,66,2,3
0,0,0,0,350,35,0,1
0,0,0,0,550,9,0,2
0,0,0,0,461,39,2,3
0,0,0,0,247,43,3,2
0,0,0,0,547,6,3,3
0,0,0,0,674,25,3,3
0,0,0,0,728,55,0,0
0,0,0,0,558,22,3,3
0,0,0,0,561,39,1,1
0,0,0,0,671,5,2,2
0,0,0,0,190,9,2,3
0,0,0,0,453,70,3,3
0,0,0,0,474,9,1,0
0,0,0,0,77,28,3,3
0,0,0,0,202,51,2,2
0,0,0,0,397,35,2,2
0,0,0,0,195,94,3,3
0,0,0,0,96,35,2,2
0,0,0,0,299,35,0,0
0,0,0,0,359,97,0,2
0,0,0,0,769,3,3,3
0,0,0,0,682,58,1,1
0,0,0,0,651,62,3,3
0,0,0,0,85,9,1,1
0,0,0,0,355,5,3,3
0,0,0,0,740,21,1,1
0,0,0,0,728,58,0,0
0,0,0,0,449,23,3,3
0,0,0,0,178,23,3,3
0,0,0,0,139,42,3,3
0,0,0,0,760,9,0,1
0,0,0,0,102,1,1,1
0,0,0,0,212,78,0,1
0,0,0,0,716,3,1,1
0,0,0,0,159,23,0,1
0,0,0,0,704,21,3,3
0,0,0,0,71,55,2,2
0,0,0,0,198,25,2,2
0,0,0,0,508,25,2,2
0,0,0,0,735,58,2,2
0,0,0,0,230,9,0,1
0,0,0,0,517,43,3,3
0,0,0,0,532,23,3,3
0,0,0,0,609,43,1,0
0,0,0,0,555,22,3,2
0,0,0,0,225,5,0,0
0,0,0,0,798,11,0,0
0,0,0,0,455,22,2,3
0,0,0,0,105,22,1,1
0,0,0,0,498,3,2,2
0,0,0,0,168,9,0,0
0,0,0,0,311,28,3,3
0,0,0,0,218,14,2,2
0,0,0,0,517,26,3,3
0,0,0,0,288,22,1,0
0,0,0,0,600,4,0,1
0,0,0,0,652,9,0,0
0,0,0,0,543,54,0,0
0,0,0,0,34,53,0,0
0,0,0,0,776,21,0,1
0,0,0,0,151,15,3,3
0,0,0,0,480,43,0,0
0,0,0,0,747,88,1,1
0,0,0,0,445,3,0,0
0,0,0,0,1,5,3,3
0,0,0,0,590,1,0,0
0,0,0,0,749,66,2,2
0,0,0,0,169,21,1,1
0,0,0,0,234,9,1,1
0,0,0,0,491,9,3,3
0,0,0,0,492,3,2,2
0,0,0,0,578,43,2,3
0,0,0,0,697,58,2,2
0,0,0,0,512,94,1,0
0,0,0,0,242,43,2,2
0,0,0,0,7,42,0,0
0,0,0,0,3,21,1,1
0,0,0,0,169,2,1,1
0,0,0,0,544,43,0,0
0,0,0,0,426,1,1,1
0,0,0,0,775,55,2,2
0,0,0,0,366,4,3,3
0,0,0,0,788,43,3,2
0,0,0,0,706,53,0,0
0,0,0,0,452,28,2,2
0,0,0,0,78,9,3,3
0,0,0,0,519,35,2,2
0,0,0,0,390,9,2,3
0,0,0,0,625,3,2,2
0,0,0,0,509,9,2,3
0,0,0,0,398,1,0,1
0,0,0,0,344,4,2,2
0,0,0,0,243,6,1,1
0,0,0,0,633,22,3,3
0,0,0,0,92,9,0,0
0,0,0,0,619,51,1,1
0,0,0,0,649,42,3,3
0,0,0,0,755,3,3,3
0,0,0,0,379,28,3,2
0,0,0,0,445,25,0,0
0,0,0,0,717,53,2,3
0,0,0,0,765,35,2,2
0,0,0,0,668,22,3,3
0,0,0,0,220,3,0,0
0,0,0,0,587,9,1,1
0,0,0,0,481,55,1,1
0,0,0,0,306,65,1,1
0,0,0,0,82,22,2,2
0,0,0,0,340,53,0,1
0,0,0,0,144,23,1,1
0,0,0,0,292,21,2,2
0,0,0,0,432,2,2,2
0,0,0,0,485,11,2,2
0,0,0,0,393,2,1,0
0,0,0,0,779,43,1,1
0,0,0,0,702,21,3,3
0,0,0,0,647,39,0,0
0,0,0,0,571,55,2,2
0,0,0,0,332,9,2,2
0,0,0,0,372,3,2,3
0,0,0,0,263,62,1,0
0,0,0,0,522,66,0,2
0,0,0,0,111,35,3,3
0,0,0,0,377,42,3,2
0,0,0,0,282,9,1,1
0,0,0,0,102,28,1,1
0,0,0,0,38,3,2,2
0,0,0,0,461,54,2,3
0,0,0,0,300,3,1,1
0,0,0,0,117,6,2,2
0,0,0,0,643,9,0,1
0,0,0,0,252,22,2,2
0,0,0,0,573,43,3,3
0,0,0,0,589,21,1,1
0,0,0,0,48,3,2,2
0,0,0,0,203,70,2,2
0,0,0,0,792,42,3,3
0,0,0,0,641,21,3,2
0,0,0,0,724,66,2,2
0,0,0,0,130,42,1,1
0,0,0,0,416,5,3,3
0,0,0,0,746,9,3,3
0,0,0,0,176,4,1,1
0,0,0,0,572,26,0,1
0,0,0,0,426,54,1,1
0,0,0,0,634,28,0,0
0,0,0,0,178,94,3,3
0,0,0,0,279,43,1,1
0,0,0,0,470,3,3,3
0,0,0,0,548,53,3,2
0,0,0,0,232,1,3,3
0,0,0,0,202,1,2,2
0,0,0,0,152,3,0,1
0,0,0,0,556,66,2,2
0,0,0,0,480,45,0,0
0,0,0,0,305,15,1,1
0,0,0,0,789,28,3,3
0,0,0,0,686,43,0,0
0,0,0,0,786,35,0,0
0,0,0,0,649,43,3,3
0,0,0,0,462,9,3,3
0,0,0,0,266,15,1,1
0,0,0,0,601,9,1,1
0,0,0,0,639,22,3,3
0,0,0,0,346,54,2,2
0,0,0,0,487,3,2,3
0,0,0,0,345,97,1,1
0,0,0,0,110,55,2,2
0,0,0,0,358,9,3,3
0,0,0,0,262,62,2,2
0,0,0,0,623,3,0,0
0,0,0,0,356,35,1,0
0,0,0,0,661,65,0,1
0,0,0,0,69,35,1,2
0,0,0,0,744,43,2,2
0,0,0,0,615,43,1,0
0,0,0,0,500,5,2,2
0,0,0,0,527,3,3,3
0,0,0,0,381,3,3,3
0,0,0,0,582,43,1,1
0,0,0,0,261,52,0,1
0,0,0,0,615,1,1,0
0,0,0,0,125,28,0,0
0,0,0,0,430,83,2,2
0,0,0,0,230,42,0,1
0,0,0,0,710,43,3,3
0,0,0,0,26,58,3,3
0,0,0,0,70,66,2,2
0,0,0,0,264,21,1,1
0,0,0,0,396,42,0,0
0,0,0,0,675,45,3,3
0,0,0,0,237,33,0,1
0,0,0,0,539,45,1,1
0,0,0,0,653,21,3,3
0,0,0,0,73,53,1,1
0,0,0,0,311,9,3,3
0,0,0,0,350,25,0,1
0,0,0,0,294,15,2,2
0,0,0,0,545,22,1,1
0,0,0,0,448,3,3,2
0,0,0,0,240,23,2,2
0,0,0,0,451,1,3,3
0,0,0,0,788,55,3,2
0,0,0,0,343,1,1,1
0,0,0,0,676,43,2,2
0,0,0,0,78,43,3,3
0,0,0,0,55,78,3,2
0,0,0,0,455,15,2,3
0,0,0,0,123,52,2,2
0,0,0,0,354,15,0,1
0,0,0,0,4,28,0,0
0,0,0,0,185,25,3,3
0,0,0,0,217,2,1,1
0,0,0,0,762,43,3,3
0,0,0,0,706,43,0,0
0,0,0,0,712,35,3,3
0,0,0,0,534,9,0,0
0,0,0,0,205,35,0,0
0,0,0,0,237,35,0,1
0,0,0,0,51,58,3,2
0,0,0,0,727,11,3,3
0,0,0,0,164,1,2,3
0,0,0,0,256,35,1,1
0,0,0,0,309,3,0,0
0,0,0,0,281,15,0,0
0,0,0,0,486,90,2,2
0,0,0,0,684,35,0,0
0,0,0,0,57,43,0,3
0,0,0,0,273,43,3,3
0,0,0,0,123,3,2,2
0,0,0,0,339,35,3,2
0,0,0,0,706,9,0,0
0,0,0,0,374,3,0,1
0,0,0,0,524,1,2,3
0,0,0,0,149,43,2,3
0,0,0,0,238,35,2,2
0,0,0,0,272,48,0,3
0,0,0,0,434,25,0,1
0,0,0,0,34,15,0,0
0,0,0,0,650,3,3,2
0,0,0,0,511,5,0,0
0,0,0,0,91,35,1,1
0,0,0,0,272,28,0,3
0,0,0,0,527,5,3,3
0,0,0,0,124,9,3,2
0,0,0,0,448,35,3,2
0,0,0,0,436,2,3,3
0,0,0,0,457,54,0,3
0,0,0,0,513,25,1,0
0,0,0,0,589,55,1,1
0,0,0,0,179,48,3,2
0,0,0,0,54,28,0,0
0,0,0,0,167,3,0,0
0,0,0,0,264,52,1,1
0,0,0,0,206,5,3,3
0,0,0,0,27,25,3,3
0,0,0,0,451,94,3,3
0,0,0,0,662,39,2,2
0,0,0,0,798,109,0,0
0,0,0,0,747,35,1,1
0,0,0,0,296,42,3,0
0,0,0,0,147,3,3,3
0,0,0,0,491,43,3,3
0,0,0,0,101,23,2,2
0,0,0,0,234,43,1,1
0,0,0,0,752,9,0,0
0,0,0,0,731,25,3,3
0,0,0,0,796,9,2,3
0,0,0,0,805,88,2,2
0,0,0,0,698,25,1,0
0,0,0,0,542,54,2,2
0,0,0,0,49,3,3,2
0,0,0,0,773,22,3,3
0,0,0,0,291,88,3,3
0,0,0,0,543,9,0,0
0,0,0,0,376,52,0,0
0,0,0,0,345,23,1,1
0,0,0,0,803,35,3,2
0,0,0,0,188,28,1,0
0,0,0,0,795,45,1,1
0,0,0,0,611,11,3,3
0,0,0,0,171,35,2,2
0,0,0,0,151,68,3,3
0,0,0,0,338,15,1,0
0,0,0,0,76,15,3,3
0,0,0,0,116,35,2,3
0,0,0,0,301,3,3,3
0,0,0,0,9,51,0,0
0,0,0,0,142,52,2,2
0,0,0,0,563,6,0,0
0,0,0,0,729,54,1,1
0,0,0,0,594,22,0,0
0,0,0,0,36,39,3,3
0,0,0,0,30,5,0,1
0,0,0,0,357,25,0,0
0,0,0,0,327,35,0,0
0,0,0,0,335,21,0,0
0,0,0,0,467,4,2,2
0,0,0,0,88,21,1,1
0,0,0,0,750,107,0,1
0,0,0,0,513,43,1,0
0,0,0,0,274,28,2,2
0,0,0,0,107,53,3,3
0,0,0,0,579,1,2,2
0,0,0,0,727,42,3,3
0,0,0,0,220,1,0,0
0,0,0,0,728,30,0,0
0,0,0,0,392,54,1,1
0,0,0,0,132,28,1,1
0,0,0,0,140,28,0,0
0,0,0,0,45,9,0,0
0,0,0,0,289,3,2,2
0,0,0,0,220,21,0,0
0,0,0,0,291,5,3,3
0,0,0,0,431,70,2,3
0,0,0,0,12,1,0,1
0,0,0,0,405,23,0,2
0,0,0,0,536,25,1,1
0,0,0,0,788,28,3,2
0,0,0,0,445,45,0,0
0,0,0,0,512,3,1,0
0,0,0,0,47,55,1,1
0,0,0,0,353,43,2,2
0,0,0,0,26,53,3,3
0,0,0,0,703,21,1,0
0,0,0,0,137,21,3,3
0,0,0,0,436,4,3,3
0,0,0,0,366,39,3,3
0,0,0,0,243,5,1,1
0,0,0,0,116,23,2,3
0,0,0,0,541,43,2,2
0,0,0,0,174,3,3,3
0,0,0,0,6,35,3,2
0,0,0,0,178,11,3,3
0,0,0,0,408,43,1,1
0,0,0,0,102,9,1,1
0,0,0,0,588,21,0,1
0,0,0,0,583,4,3,3
0,0,0,0,464,43,2,2
0,0,0,0,86,58,0,0
0,0,0,0,254,71,3,3
0,0,0,0,50,43,1,1
0,0,0,0,10,2,0,0
0,0,0,0,263,43,1,0
0,0,0,0,325,55,3,2
0,0,0,0,248,43,3,2
0,0,0,0,532,35,3,3
0,0,0,0,257,35,1,0
0,0,0,0,647,6,0,0
0,0,0,0,364,42,2,3
0,0,0,0,773,25,3,3
0,0,0,0,19,53,0,1
0,0,0,0,404,54,3,3
0,0,0,0,554,22,2,2
0,0,0,0,524,30,2,3
0,0,0,0,631,22,2,2
0,0,0,0,595,1,3,3
0,0,0,0,125,15,0,0
0,0,0,0,751,22,2,0
0,0,0,0,412,3,3,3
0,0,0,0,310,43,1,1
0,0,0,0,692,42,0,0
0,0,0,0,57,5,0,3
0,0,0,0,789,11,3,3
0,0,0,0,669,28,3,2
0,0,0,0,209,1,2,2
0,0,0,0,481,9,1,1
0,0,0,0,685,43,1,1
0,0,0,0,593,53,1,1
0,0,0,0,282,22,1,1
0,0,0,0,304,97,0,1
0,0,0,0,210,35,2,2
0,0,0,0,447,84,2,0
0,0,0,0,620,54,1,0
0,0,0,0,322,45,3,3
0,0,0,0,505,1,1,1
0,0,0,0,286,39,2,2
0,0,0,0,804,3,2,2
0,0,0,0,362,39,1,1
0,0,0,0,646,14,2,3
0,0,0,0,112,5,0,0
0,0,0,0,636,25,3,3
0,0,0,0,617,39,3,2
0,0,0,0,315,84,0,0
0,0,0,0,571,3,2,2
0,0,0,0,675,30,3,3
0,0,0,0,642,15,1,0
0,0,0,0,803,42,3,2
0,0,0,0,353,9,2,2
0,0,0,0,145,39,0,0
0,0,0,0,498,42,2,2
0,0,0,0,307,30,0,0
0,0,0,0,379,90,3,2
0,0,0,0,133,3,1,1
0,0,0,0,659,3,3,3
0,0,0,0,653,25,3,3
0,0,0,0,166,39,2,2
0,0,0,0,451,35,3,3
0,0,0,0,487,43,2,3
0,0,0,0,260,22,2,2
0,0,0,0,325,11,3,2
0,0,0,0,759,35,1,1
0,0,0,0,210,3,2,2
0,0,0,0,678,22,3,3
0,0,0,0,349,2,1,1
0,0,0,0,268,23,2,2
0,0,0,0,95,22,0,1
0,0,0,0,294,9,2,2
0,0,0,0,450,25,3,3
0,0,0,0,234,74,1,1
0,0,0,0,351,35,2,3
0,0,0,0,179,54,3,2
0,0,0,0,67,22,2,2
0,0,0,0,175,3,1,1
0,0,0,0,667,28,0,0
0,0,0,0,348,14,2,2
0,0,0,0,337,88,3,3
0,0,0,0,595,21,3,3
0,0,0,0,518,65,2,2
0,0,0,0,662,21,2,2
0,0,0,0,472,21,1,1
0,0,0,0,27,2,3,3
0,0,0,0,571,58,2,2
0,0,0,0,440,21,1,0
0,0,0,0,231,43,1,1
0,0,0,0,632,65,3,3
0,0,0,0,64,39,2,2
0,0,0,0,573,11,3,3
0,0,0,0,494,35,3,3
0,0,0,0,239,3,1,1
0,0,0,0,129,23,2,2
0,0,0,0,530,22,3,3
0,0,0,0,558,54,3,3
0,0,0,0,749,3,2,2
0,0,0,0,596,5,1,1
0,0,0,0,341,11,3,3
0,0,0,0,35,26,3,3
0,0,0,0,698,51,1,0
0,0,0,0,130,39,1,1
0,0,0,0,104,66,2,2
0,0,0,0,118,53,3,2
0,0,0,0,328,1,0,3
0,0,0,0,785,11,0,0
0,0,0,0,452,1,2,2
0,0,0,0,280,62,3,3
0,0,0,0,198,43,2,2
0,0,0,0,558,5,3,3
0,0,0,0,66,23,3,3
0,0,0,0,442,3,3,3
0,0,0,0,423,23,0,0
0,0,0,0,433,58,0,0
0,0,0,0,795,22,1,1
0,0,0,0,503,97,3,3
0,0,0,0,782,54,2,2
0,0,0,0,5,35,3,3
0,0,0,0,235,2,2,2
0,0,0,0,364,55,2,3
0,0,0,0,684,9,0,0
0,0,0,0,745,84,3,3
0,0,0,0,463,43,0,1
0,0,0,0,417,28,0,0
0,0,0,0,641,9,3,2
0,0,0,0,604,55,2,3
0,0,0,0,546,21,2,2
0,0,0,0,39,22,2,3
0,0,0,0,394,96,2,3
0,0,0,0,163,21,3,3
0,0,0,0,253,71,3,2
0,0,0,0,126,66,2,2
0,0,0,0,315,9,0,0
0,0,0,0,325,1,3,2
0,0,0,0,770,3,2,3
0,0,0,0,524,54,2,3
0,0,0,0,444,66,1,1
0,0,0,0,322,9,3,3
0,0,0,0,218,55,2,2
0,0,0,0,471,53,0,1
0,0,0,0,307,21,0,0
0,0,0,0,650,35,3,2
0,0,0,0,334,98,3,3
0,0,0,0,269,3,0,0
0,0,0,0,682,28,1,1
0,0,0,0,273,3,3,3
0,0,0,0,482,35,3,3
0,0,0,0,14,58,1,1
0,0,0,0,438,22,2,3
0,0,0,0,125,1,0,0
0,0,0,0,552,1,0,0
0,0,0,0,730,14,2,2
0,0,0,0,155,2,3,2
0,0,0,0,562,4,1,1
0,0,0,0,799,11,2,2
0,0,0,0,92,5,0,0
0,0,0,0,409,39,1,1
0,0,0,0,159,42,0,1
0,0,0,0,195,54,3,3
0,0,0,0,656,54,2,3
0,0,0,0,200,35,3,3
0,0,0,0,335,35,0,0
0,0,0,0,23,1,0,0
0,0,0,0,601,39,1,1
0,0,0,0,60,3,3,2
0,0,0,0,173,35,1,1
0,0,0,0,770,58,2,3
0,0,0,0,681,35,1,0
0,0,0,0,694,42,3,3
0,0,0,0,481,3,1,1
0,0,0,0,700,42,2,2
0,0,0,0,63,3,0,1
0,0,0,0,175,2,1,1
0,0,0,0,137,23,3,3
0,0,0,0,31,48,2,2
0,0,0,0,556,35,2,2
0,0,0,0,395,11,1,1
0,0,0,0,166,62,2,2
0,0,0,0,221,35,3,3
0,0,0,0,378,9,2,2
0,0,0,0,298,42,0,0
0,0,0,0,465,3,3,2
0,0,0,0,468,14,3,2
0,0,0,0,482,5,3,3
0,0,0,0,96,48,2,2
0,0,0,0,199,25,2,3
0,0,0,0,106,9,3,3
0,0,0,0,238,22,2,2
0,0,0,0,219,21,1,1
0,0,0,0,442,28,3,3
0,0,0,0,330,96,0,0
0,0,0,0,236,55,0,0
0,0,0,0,72,9,3,3
0,0,0,0,325,2,3,2
0,0,0,0,603,21,2,3
0,0,0,0,134,5,3,3
0,0,0,0,391,42,3,3
0,0,0,0,453,43,3,3
0,0,0,0,63,55,0,1
0,0,0,0,20,55,1,1
0,0,0,0,61,23,3,3
0,0,0,0,318,23,0,1
0,0,0,0,643,58,0,1
0,0,0,0,109,2,1,1
0,0,0,0,600,22,0,1
0,0,0,0,208,65,1,1
0,0,0,0,591,11,1,1
0,0,0,0,184,53,3,3
0,0,0,0,762,25,3,3
0,0,0,0,188,15,1,0
0,0,0,0,700,21,2,2
0,0,0,0,218,3,2,2
0,0,0,0,148,35,2,2
0,0,0,0,771,30,2,2
0,0,0,0,361,3,2,2
0,0,0,0,674,3,3,3
0,0,0,0,695,23,2,3
0,0,0,0,253,65,3,2
0,0,0,0,9,48,0,0
0,0,0,0,675,51,3,3
0,0,0,0,479,3,3,3
0,0,0,0,405,9,0,2
0,0,0,0,174,22,3,3
0,0,0,0,221,70,3,3
0,0,0,0,177,23,0,0
0,0,0,0,182,6,0,3
0,0,0,0,27,9,3,3
0,0,0,0,515,51,1,1
0,0,0,0,80,2,1,1
0,0,0,0,777,35,2,3
0,0,0,0,620,4,1,0
0,0,0,0,530,3,3,3
0,0,0,0,691,5,3,3
0,0,0,0,745,21,3,3
0,0,0,0,358,25,3,3
0,0,0,0,88,1,1,1
0,0,0,0,637,53,1,1
0,0,0,0,47,5,1,1
0,0,0,0,656,3,2,3
0,0,0,0,557,22,3,3
0,0,0,0,352,35,0,1
0,0,0,0,398,51,0,1
0,0,0,0,779,84,1,1
0,0,0,0,25,9,3,2
0,0,0,0,654,58,1,1
0,0,0,0,44,14,2,2
0,0,0,0,75,15,3,3
0,0,0,0,371,39,0,0
0,0,0,0,250,90,3,3
0,0,0,0,413,30,2,3
0,0,0,0,375,55,3,2
0,0,0,0,336,45,2,2
0,0,0,0,388,4,1,1
0,0,0,0,693,43,1,0
0,0,0,0,655,11,1,0
0,0,0,0,357,78,0,0
0,0,0,0,406,35,1,1
0,0,0,0,298,26,0,0
0,0,0,0,601,21,1,1
0,0,0,0,628,66,0,0
0,0,0,0,621,3,0,0
0,0,0,0,614,30,2,2
0,0,0,0,415,22,2,2
0,0,0,0,435,94,0,0
0,0,0,0,551,5,1,0
0,0,0,0,375,43,3,2
0,0,0,0,259,62,2,2
0,0,0,0,35,53,3,3
0,0,0,0,472,43,1,1
0,0,0,0,734,11,0,0
0,0,0,0,425,35,2,2
0,0,0,0,490,43,3,2
0,0,0,0,114,6,2,2
0,0,0,0,711,28,0,1
0,0,0,0,445,1,0,0
0,0,0,0,637,9,1,1
0,0,0,0,21,23,2,2
0,0,0,0,403,3,1,1
0,0,0,0,791,30,3,3
0,0,0,0,285,25,1,0
0,0,0,0,41,74,2,2
0,0,0,0,24,54,0,1
0,0,0,0,54,3,0,0
0,0,0,0,464,2,2,2
0,0,0,0,127,3,2,3
0,0,0,0,795,5,1,1
0,0,0,0,603,35,2,3
0,0,0,0,167,25,0,0
0,0,0,0,510,70,3,3
0,0,0,0,716,58,1,1
0,0,0,0,428,5,0,0
0,0,0,0,176,58,1,1
0,0,0,0,583,39,3,3
0,0,0,0,325,43,3,2
0,0,0,0,688,28,3,3
0,0,0,0,157,22,1,1
0,0,0,0,199,58,2,3
0,0,0,0,798,94,0,0
0,0,0,0,354,23,0,1
0,0,0,0,267,35,3,2
0,0,0,0,770,5,2,3
0,0,0,0,5,33,3,3
0,0,0,0,497,53,2,3
0,0,0,0,736,53,2,2
0,0,0,0,449,5,3,3
0,0,0,0,768,43,2,2
0,0,0,0,332,35,2,2
0,0,0,0,398,53,0,1
0,0,0,0,195,42,3,3
0,0,0,0,6,38,3,2
0,0,0,0,34,1,0,0
0,0,0,0,143,3,1,0
0,0,0,0,213,23,1,1
0,0,0,0,486,35,2,2
0,0,0,0,641,42,3,2
0,0,0,0,28,3,2,2
0,0,0,0,735,9,2,2
0,0,0,0,416,58,3,3
0,0,0,0,303,23,2,3
0,0,0,0,806,9,3,3
0,0,0,0,716,43,1,1
0,0,0,0,98,3,2,2
0,0,0,0,398,25,0,1
0,0,0,0,539,2,1,1
0,0,0,0,406,2,1,1
0,0,0,0,532,14,3,3
0,0,0,0,614,2,2,2
0,0,0,0,60,53,3,2
0,0,0,0,156,35,2,2
0,0,0,0,617,58,3,2
0,0,0,0,207,9,1,1
0,0,0,0,316,25,1,1
0,0,0,0,415,1,2,2
0,0,0,0,190,43,2,3
0,0,0,0,461,53,2,3
0,0,0,0,356,3,1,0
0,0,0,0,473,22,1,1
0,0,0,0,727,9,3,3
0,0,0,0,266,43,1,1
0,0,0,0,276,9,2,2
0,0,0,0,192,3,2,3
0,0,0,0,124,25,3,2
0,0,0,0,316,3,1,1
0,0,0,0,406,26,1,1
0,0,0,0,374,23,0,1
0,0,0,0,780,43,3,2
0,0,0,0,113,54,3,3
0,0,0,0,636,3,3,3
0,0,0,0,528,3,2,3
0,0,0,0,625,9,2,2
0,0,0,0,22,55,3,3
0,0,0,0,639,55,3,3
0,0,0,0,624,42,0,1
0,0,0,0,761,35,2,2
0,0,0,0,764,22,3,2
0,0,0,0,5,3,3,3
0,0,0,0,670,14,2,2
0,0,0,0,762,66,3,3
0,0,0,0,616,66,0,0
0,0,0,0,300,68,1,1
0,0,0,0,491,15,3,3
0,0,0,0,721,28,2,2
0,0,0,0,386,11,2,2
0,0,0,0,178,35,3,3
0,0,0,0,109,21,1,1
0,0,0,0,276,5,2,2
0,0,0,0,400,3,2,2
0,0,0,0,469,21,1,1
0,0,0,0,668,54,3,3
0,0,0,0,133,43,1,1
0,0,0,0,65,55,3,3
0,0,0,0,308,90,1,1
0,0,0,0,140,53,0,0
0,0,0,0,389,28,2,2
0,0,0,0,497,1,2,3
0,0,0,0,163,15,3,3
0,0,0,0,507,51,2,2
0,0,0,0,118,23,3,2
0,0,0,0,738,30,3,3
0,0,0,0,109,35,1,1
0,0,0,0,789,35,3,3
0,0,0,0,539,21,1,1
0,0,0,0,286,4,2,2
0,0,0,0,246,3,3,3
0,0,0,0,433,28,0,0
0,0,0,0,208,1,1,1
0,0,0,0,498,25,3,2
0,0,0,0,206,3,3,3
0,0,0,0,425,2,2,2
0,0,0,0,539,43,1,1
0,0,0,0,296,55,3,0
0,0,0,0,297,55,2,2
0,0,0,0,789,3,3,3
0,0,0,0,601,84,1,1
0,0,0,0,540,46,3,3
0,0,0,0,149,53,3,3
0,0,0,0,799,51,2,2
0,0,0,0,550,3,0,2
0,0,0,0,309,55,0,0
0,0,0,0,739,9,3,2
0,0,0,0,520,35,0,0
0,0,0,0,729,42,1,1
0,0,0,0,227,3,3,3
0,0,0,0,234,2,1,1
0,0,0,0,521,23,1,0
0,0,0,0,383,39,1,1
0,0,0,0,10,3,0,0
0,0,0,0,472,53,1,1
0,0,0,0,484,35,0,3
0,0,0,0,146,3,1,1
0,0,0,0,421,71,3,3
0,0,0,0,106,3,3,3
0,0,0,0,111,3,3,3
0,0,0,0,549,58,2,2
0,0,0,0,51,54,3,2
0,0,0,0,235,9,2,2
0,0,0,0,780,30,3,2
0,0,0,0,23,3,0,0
0,0,0,0,343,35,1,1
0,0,0,0,512,88,1,0
0,0,0,0,196,23,3,3
0,0,0,0,622,51,2,2
0,0,0,0,583,22,3,3
0,0,0,0,49,9,3,2
0,0,0,0,472,9,1,1
0,0,0,0,149,23,3,3
0,0,0,0,553,5,2,2
0,0,0,0,71,66,2,2
0,0,0,0,551,23,1,0
0,0,0,0,594,3,0,0
0,0,0,0,261,90,0,1
0,0,0,0,753,62,0,0
0,0,0,0,607,25,1,0
0,0,0,0,182,43,0,3
0,0,0,0,566,3,2,3
0,0,0,0,43,9,3,3
0,0,0,0,52,4,2,2
0,0,0,0,292,1,2,2
0,0,0,0,72,55,3,3
0,0,0,0,793,9,3,2
0,0,0,0,365,9,1,1
0,0,0,0,259,98,2,2
0,0,0,0,272,58,0,3
0,0,0,0,176,25,1,1
0,0,0,0,6,1,3,2
0,0,0,0,84,14,0,0
0,0,0,0,736,66,2,2
0,0,0,0,519,23,2,2
0,0,0,0,696,43,1,0
0,0,0,0,157,35,1,1
0,0,0,0,593,39,1,1
0,0,0,0,346,3,2,2
0,0,0,0,75,52,3,3
0,0,0,0,785,21,0,0
0,0,0,0,574,21,0,0
0,0,0,0,153,21,2,2
0,0,0,0,384,3,3,3
0,0,0,0,783,3,3,2
0,0,0,0,75,1,3,3
0,0,0,0,17,45,3,3
0,0,0,0,174,21,3,3
0,0,0,0,742,28,2,2
0,0,0,0,249,14,1,1
0,0,0,0,741,58,0,0
0,0,0,0,247,58,3,2
0,0,0,0,277,23,3,2
0,0,0,0,15,42,3,3
0,0,0,0,746,58,3,3
0,0,0,0,44,22,2,2
0,0,0,0,532,2,3,3
0,0,0,0,416,35,3,3
0,0,0,0,591,45,1,1
0,0,0,0,492,55,2,2
0,0,0,0,737,35,0,1
0,0,0,0,695,5,2,3
0,0,0,0,534,3,0,0
0,0,0,0,90,3,0,1
0,0,0,0,56,9,0,1
0,0,0,0,734,35,0,0
0,0,0,0,608,35,1,1
0,0,0,0,792,25,3,3
0,0,0,0,249,15,1,1
0,0,0,0,298,3,0,0
0,0,0,0,317,2,3,3
0,0,0,0,547,58,3,3
0,0,0,0,730,3,2,2
0,0,0,0,535,43,3,3
0,0,0,0,299,9,0,0
0,0,0,0,318,55,0,1
0,0,0,0,440,15,1,0
0,0,0,0,683,45,3,2
0,0,0,0,156,25,2,2
0,0,0,0,236,25,0,0
0,0,0,0,230,35,0,1
0,0,0,0,258,51,3,3
0,0,0,0,177,65,0,0
0,0,0,0,104,42,2,2
0,0,0,0,190,3,2,3
0,0,0,0,570,28,2,2
0,0,0,0,62,42,0,0
0,0,0,0,472,39,1,1
0,0,0,0,775,42,2,2
0,0,0,0,150,9,3,3
0,0,0,0,742,3,2,2
0,0,0,0,755,9,3,3
0,0,0,0,342,30,3,3
0,0,0,0,62,2,0,0
0,0,0,0,244,62,1,1
0,0,0,0,448,43,3,2
0,0,0,0,360,53,0,0
0,0,0,0,711,21,0,1
0,0,0,0,285,1,1,0
0,0,0,0,626,21,2,3
0,0,0,0,775,9,2,2
0,0,0,0,411,3,0,1
0,0,0,0,689,6,3,3
0,0,0,0,662,35,2,2
0,0,0,0,424,35,1,1
0,0,0,0,604,28,2,3
0,0,0,0,128,2,3,3
0,0,0,0,637,42,1,1
0,0,0,0,269,15,0,0
0,0,0,0,154,53,1,0
0,0,0,0,790,43,0,0
0,0,0,0,550,23,0,2
0,0,0,0,615,62,1,0
0,0,0,0,677,25,1,1
0,0,0,0,679,6,0,0
0,0,0,0,69,23,2,2
0,0,0,0,349,6,1,1
0,0,0,0,687,28,3,3
0,0,0,0,499,23,3,3
0,0,0,0,715,3,2,3
0,0,0,0,721,11,2,2
0,0,0,0,394,15,2,3
0,0,0,0,683,25,3,2
0,0,0,0,167,35,0,0
0,0,0,0,675,25,3,3
0,0,0,0,133,83,1,1
0,0,0,0,687,94,3,3
0,0,0,0,797,94,3,3
0,0,0,0,575,35,3,3
0,0,0,0,373,5,2,2
0,0,0,0,658,22,3,3
0,0,0,0,673,55,0,0
0,0,0,0,754,94,0,0
0,0,0,0,515,9,1,1
0,0,0,0,182,5,0,3
0,0,0,0,50,23,1,1
0,0,0,0,772,9,1,1
0,0,0,0,37,23,3,3
0,0,0,0,94,51,3,3
0,0,0,0,485,22,2,2
0,0,0,0,369,88,0,2
0,0,0,0,214,39,0,1
0,0,0,0,572,43,0,1
0,0,0,0,199,54,2,3
0,0,0,0,803,3,3,2
0,0,0,0,340,25,0,1
0,0,0,0,42,1,1,0
0,0,0,0,319,51,2,2
0,0,0,0,283,1,0,0
0,0,0,0,128,1,3,3
0,0,0,0,722,28,0,1
0,0,0,0,400,43,2,2
0,0,0,0,176,3,1,1
0,0,0,0,452,25,2,2
0,0,0,0,569,22,2,2
0,0,0,0,651,3,3,3
